35, 0, 0
36, 0, 0
37, 0, 0
6, 0, 1
7, 0, 1
8, 0, 1
9, 0, 1
34, 0, 1
35, 0, 1
36, 0, 1
37, 0, 1
38, 0, 1
39, 0, 1
40, 0, 1
41, 0, 1
42, 0, 1
43, 0, 1
5, 0, 2
6, 0, 2
7, 0, 2
8, 0, 2
9, 0, 2
10, 0, 2
11, 0, 2
12, 0, 2
13, 0, 2
14, 0, 2
15, 0, 2
32, 0, 2
33, 0, 2
34, 0, 2
35, 0, 2
36, 0, 2
37, 0, 2
38, 0, 2
39, 0, 2
40, 0, 2
41, 0, 2
42, 0, 2
43, 0, 2
44, 0, 2
45, 0, 2
4, 0, 3
5, 0, 3
6, 0, 3
7, 0, 3
8, 0, 3
9, 0, 3
10, 0, 3
11, 0, 3
12, 0, 3
13, 0, 3
14, 0, 3
15, 0, 3
16, 0, 3
17, 0, 3
32, 0, 3
33, 0, 3
34, 0, 3
35, 0, 3
36, 0, 3
37, 0, 3
38, 0, 3
39, 0, 3
40, 0, 3
41, 0, 3
42, 0, 3
43, 0, 3
44, 0, 3
45, 0, 3
46, 0, 3
4, 0, 4
5, 0, 4
6, 0, 4
7, 0, 4
8, 0, 4
9, 0, 4
10, 0, 4
11, 0, 4
12, 0, 4
13, 0, 4
14, 0, 4
15, 0, 4
16, 0, 4
17, 0, 4
18, 0, 4
31, 0, 4
32, 0, 4
33, 0, 4
34, 0, 4
35, 0, 4
36, 0, 4
37, 0, 4
38, 0, 4
39, 0, 4
40, 0, 4
41, 0, 4
42, 0, 4
43, 0, 4
44, 0, 4
45, 0, 4
46, 0, 4
47, 0, 4
3, 0, 5
4, 0, 5
5, 0, 5
6, 0, 5
7, 0, 5
8, 0, 5
9, 0, 5
10, 0, 5
11, 0, 5
12, 0, 5
13, 0, 5
14, 0, 5
15, 0, 5
16, 0, 5
17, 0, 5
18, 0, 5
19, 0, 5
30, 0, 5
31, 0, 5
32, 0, 5
33, 0, 5
34, 0, 5
35, 0, 5
36, 0, 5
37, 0, 5
38, 0, 5
39, 0, 5
40, 0, 5
41, 0, 5
42, 0, 5
43, 0, 5
44, 0, 5
45, 0, 5
46, 0, 5
47, 0, 5
3, 0, 6
4, 0, 6
5, 0, 6
6, 0, 6
7, 0, 6
8, 0, 6
9, 0, 6
10, 0, 6
11, 0, 6
12, 0, 6
13, 0, 6
14, 0, 6
15, 0, 6
16, 0, 6
17, 0, 6
18, 0, 6
19, 0, 6
30, 0, 6
31, 0, 6
32, 0, 6
33, 0, 6
34, 0, 6
35, 0, 6
36, 0, 6
37, 0, 6
38, 0, 6
39, 0, 6
40, 0, 6
41, 0, 6
42, 0, 6
43, 0, 6
44, 0, 6
45, 0, 6
46, 0, 6
47, 0, 6
48, 0, 6
2, 0, 7
3, 0, 7
4, 0, 7
5, 0, 7
6, 0, 7
7, 0, 7
8, 0, 7
9, 0, 7
10, 0, 7
11, 0, 7
12, 0, 7
13, 0, 7
14, 0, 7
15, 0, 7
16, 0, 7
17, 0, 7
18, 0, 7
19, 0, 7
29, 0, 7
30, 0, 7
31, 0, 7
32, 0, 7
33, 0, 7
34, 0, 7
35, 0, 7
36, 0, 7
37, 0, 7
38, 0, 7
39, 0, 7
40, 0, 7
41, 0, 7
42, 0, 7
43, 0, 7
44, 0, 7
45, 0, 7
46, 0, 7
47, 0, 7
48, 0, 7
2, 0, 8
3, 0, 8
4, 0, 8
5, 0, 8
6, 0, 8
7, 0, 8
8, 0, 8
9, 0, 8
10, 0, 8
11, 0, 8
12, 0, 8
13, 0, 8
14, 0, 8
15, 0, 8
16, 0, 8
17, 0, 8
18, 0, 8
19, 0, 8
29, 0, 8
30, 0, 8
31, 0, 8
32, 0, 8
33, 0, 8
34, 0, 8
35, 0, 8
36, 0, 8
37, 0, 8
38, 0, 8
39, 0, 8
40, 0, 8
41, 0, 8
42, 0, 8
43, 0, 8
44, 0, 8
45, 0, 8
46, 0, 8
47, 0, 8
48, 0, 8
1, 0, 9
2, 0, 9
3, 0, 9
4, 0, 9
5, 0, 9
6, 0, 9
7, 0, 9
8, 0, 9
9, 0, 9
10, 0, 9
11, 0, 9
12, 0, 9
13, 0, 9
14, 0, 9
15, 0, 9
16, 0, 9
17, 0, 9
18, 0, 9
19, 0, 9
29, 0, 9
30, 0, 9
31, 0, 9
32, 0, 9
33, 0, 9
34, 0, 9
35, 0, 9
36, 0, 9
37, 0, 9
38, 0, 9
39, 0, 9
40, 0, 9
41, 0, 9
42, 0, 9
43, 0, 9
44, 0, 9
45, 0, 9
46, 0, 9
47, 0, 9
48, 0, 9
1, 0, 10
2, 0, 10
3, 0, 10
4, 0, 10
5, 0, 10
6, 0, 10
7, 0, 10
8, 0, 10
9, 0, 10
10, 0, 10
11, 0, 10
12, 0, 10
13, 0, 10
14, 0, 10
15, 0, 10
16, 0, 10
17, 0, 10
18, 0, 10
19, 0, 10
29, 0, 10
30, 0, 10
31, 0, 10
32, 0, 10
33, 0, 10
34, 0, 10
35, 0, 10
36, 0, 10
37, 0, 10
38, 0, 10
39, 0, 10
40, 0, 10
41, 0, 10
42, 0, 10
43, 0, 10
44, 0, 10
45, 0, 10
46, 0, 10
47, 0, 10
48, 0, 10
1, 0, 11
2, 0, 11
3, 0, 11
4, 0, 11
5, 0, 11
6, 0, 11
7, 0, 11
8, 0, 11
9, 0, 11
10, 0, 11
11, 0, 11
12, 0, 11
13, 0, 11
14, 0, 11
15, 0, 11
16, 0, 11
17, 0, 11
18, 0, 11
19, 0, 11
20, 0, 11
29, 0, 11
30, 0, 11
31, 0, 11
32, 0, 11
33, 0, 11
34, 0, 11
35, 0, 11
36, 0, 11
37, 0, 11
38, 0, 11
39, 0, 11
40, 0, 11
41, 0, 11
42, 0, 11
43, 0, 11
44, 0, 11
45, 0, 11
46, 0, 11
47, 0, 11
48, 0, 11
1, 0, 12
2, 0, 12
3, 0, 12
4, 0, 12
5, 0, 12
6, 0, 12
7, 0, 12
8, 0, 12
9, 0, 12
10, 0, 12
11, 0, 12
12, 0, 12
13, 0, 12
14, 0, 12
15, 0, 12
16, 0, 12
17, 0, 12
18, 0, 12
19, 0, 12
20, 0, 12
29, 0, 12
30, 0, 12
31, 0, 12
32, 0, 12
33, 0, 12
34, 0, 12
35, 0, 12
36, 0, 12
37, 0, 12
38, 0, 12
39, 0, 12
40, 0, 12
41, 0, 12
42, 0, 12
43, 0, 12
44, 0, 12
45, 0, 12
46, 0, 12
47, 0, 12
48, 0, 12
1, 0, 13
2, 0, 13
3, 0, 13
4, 0, 13
5, 0, 13
6, 0, 13
7, 0, 13
8, 0, 13
9, 0, 13
10, 0, 13
11, 0, 13
12, 0, 13
13, 0, 13
14, 0, 13
15, 0, 13
16, 0, 13
17, 0, 13
18, 0, 13
19, 0, 13
20, 0, 13
29, 0, 13
30, 0, 13
31, 0, 13
32, 0, 13
33, 0, 13
34, 0, 13
35, 0, 13
36, 0, 13
37, 0, 13
38, 0, 13
39, 0, 13
40, 0, 13
41, 0, 13
42, 0, 13
43, 0, 13
44, 0, 13
45, 0, 13
46, 0, 13
47, 0, 13
48, 0, 13
49, 0, 13
1, 0, 14
2, 0, 14
3, 0, 14
4, 0, 14
5, 0, 14
6, 0, 14
7, 0, 14
8, 0, 14
9, 0, 14
10, 0, 14
11, 0, 14
12, 0, 14
13, 0, 14
14, 0, 14
15, 0, 14
16, 0, 14
17, 0, 14
18, 0, 14
19, 0, 14
29, 0, 14
30, 0, 14
31, 0, 14
32, 0, 14
33, 0, 14
34, 0, 14
35, 0, 14
36, 0, 14
37, 0, 14
38, 0, 14
39, 0, 14
40, 0, 14
41, 0, 14
42, 0, 14
43, 0, 14
44, 0, 14
45, 0, 14
46, 0, 14
47, 0, 14
48, 0, 14
49, 0, 14
1, 0, 15
2, 0, 15
3, 0, 15
4, 0, 15
5, 0, 15
6, 0, 15
7, 0, 15
8, 0, 15
9, 0, 15
10, 0, 15
11, 0, 15
12, 0, 15
13, 0, 15
14, 0, 15
15, 0, 15
16, 0, 15
17, 0, 15
18, 0, 15
19, 0, 15
29, 0, 15
30, 0, 15
31, 0, 15
32, 0, 15
33, 0, 15
34, 0, 15
35, 0, 15
36, 0, 15
37, 0, 15
38, 0, 15
39, 0, 15
40, 0, 15
41, 0, 15
42, 0, 15
43, 0, 15
44, 0, 15
45, 0, 15
46, 0, 15
47, 0, 15
48, 0, 15
1, 0, 16
2, 0, 16
3, 0, 16
4, 0, 16
5, 0, 16
6, 0, 16
7, 0, 16
8, 0, 16
9, 0, 16
10, 0, 16
11, 0, 16
12, 0, 16
13, 0, 16
14, 0, 16
15, 0, 16
16, 0, 16
17, 0, 16
18, 0, 16
19, 0, 16
29, 0, 16
30, 0, 16
31, 0, 16
32, 0, 16
33, 0, 16
34, 0, 16
35, 0, 16
36, 0, 16
37, 0, 16
38, 0, 16
39, 0, 16
40, 0, 16
41, 0, 16
42, 0, 16
43, 0, 16
44, 0, 16
45, 0, 16
46, 0, 16
47, 0, 16
48, 0, 16
1, 0, 17
2, 0, 17
3, 0, 17
4, 0, 17
5, 0, 17
6, 0, 17
7, 0, 17
8, 0, 17
9, 0, 17
10, 0, 17
11, 0, 17
12, 0, 17
13, 0, 17
14, 0, 17
15, 0, 17
16, 0, 17
17, 0, 17
18, 0, 17
19, 0, 17
29, 0, 17
30, 0, 17
31, 0, 17
32, 0, 17
33, 0, 17
34, 0, 17
35, 0, 17
36, 0, 17
37, 0, 17
38, 0, 17
39, 0, 17
40, 0, 17
41, 0, 17
42, 0, 17
43, 0, 17
44, 0, 17
45, 0, 17
46, 0, 17
47, 0, 17
48, 0, 17
1, 0, 18
2, 0, 18
3, 0, 18
4, 0, 18
5, 0, 18
6, 0, 18
7, 0, 18
8, 0, 18
9, 0, 18
10, 0, 18
11, 0, 18
12, 0, 18
13, 0, 18
14, 0, 18
15, 0, 18
16, 0, 18
17, 0, 18
18, 0, 18
19, 0, 18
20, 0, 18
29, 0, 18
30, 0, 18
31, 0, 18
32, 0, 18
33, 0, 18
34, 0, 18
35, 0, 18
36, 0, 18
37, 0, 18
38, 0, 18
39, 0, 18
40, 0, 18
41, 0, 18
42, 0, 18
43, 0, 18
44, 0, 18
45, 0, 18
46, 0, 18
47, 0, 18
48, 0, 18
1, 0, 19
2, 0, 19
3, 0, 19
4, 0, 19
5, 0, 19
6, 0, 19
7, 0, 19
8, 0, 19
9, 0, 19
10, 0, 19
11, 0, 19
12, 0, 19
13, 0, 19
14, 0, 19
15, 0, 19
16, 0, 19
17, 0, 19
18, 0, 19
19, 0, 19
20, 0, 19
29, 0, 19
30, 0, 19
31, 0, 19
32, 0, 19
33, 0, 19
34, 0, 19
35, 0, 19
36, 0, 19
37, 0, 19
38, 0, 19
39, 0, 19
40, 0, 19
41, 0, 19
42, 0, 19
43, 0, 19
44, 0, 19
45, 0, 19
46, 0, 19
47, 0, 19
48, 0, 19
49, 0, 19
1, 0, 20
2, 0, 20
3, 0, 20
4, 0, 20
5, 0, 20
6, 0, 20
7, 0, 20
8, 0, 20
9, 0, 20
10, 0, 20
11, 0, 20
12, 0, 20
13, 0, 20
14, 0, 20
15, 0, 20
16, 0, 20
17, 0, 20
18, 0, 20
19, 0, 20
20, 0, 20
29, 0, 20
30, 0, 20
31, 0, 20
32, 0, 20
33, 0, 20
34, 0, 20
35, 0, 20
36, 0, 20
37, 0, 20
38, 0, 20
39, 0, 20
40, 0, 20
41, 0, 20
42, 0, 20
43, 0, 20
44, 0, 20
45, 0, 20
46, 0, 20
47, 0, 20
48, 0, 20
49, 0, 20
1, 0, 21
2, 0, 21
3, 0, 21
4, 0, 21
5, 0, 21
6, 0, 21
7, 0, 21
8, 0, 21
9, 0, 21
10, 0, 21
11, 0, 21
12, 0, 21
13, 0, 21
14, 0, 21
15, 0, 21
16, 0, 21
17, 0, 21
18, 0, 21
19, 0, 21
20, 0, 21
29, 0, 21
30, 0, 21
31, 0, 21
32, 0, 21
33, 0, 21
34, 0, 21
35, 0, 21
36, 0, 21
37, 0, 21
38, 0, 21
39, 0, 21
40, 0, 21
41, 0, 21
42, 0, 21
43, 0, 21
44, 0, 21
45, 0, 21
46, 0, 21
47, 0, 21
48, 0, 21
1, 0, 22
2, 0, 22
3, 0, 22
4, 0, 22
5, 0, 22
6, 0, 22
7, 0, 22
8, 0, 22
9, 0, 22
10, 0, 22
11, 0, 22
12, 0, 22
13, 0, 22
14, 0, 22
15, 0, 22
16, 0, 22
17, 0, 22
18, 0, 22
19, 0, 22
20, 0, 22
29, 0, 22
30, 0, 22
31, 0, 22
32, 0, 22
33, 0, 22
34, 0, 22
35, 0, 22
36, 0, 22
37, 0, 22
38, 0, 22
39, 0, 22
40, 0, 22
41, 0, 22
42, 0, 22
43, 0, 22
44, 0, 22
45, 0, 22
46, 0, 22
47, 0, 22
48, 0, 22
1, 0, 23
2, 0, 23
3, 0, 23
4, 0, 23
5, 0, 23
6, 0, 23
7, 0, 23
8, 0, 23
9, 0, 23
10, 0, 23
11, 0, 23
12, 0, 23
13, 0, 23
14, 0, 23
15, 0, 23
16, 0, 23
17, 0, 23
18, 0, 23
19, 0, 23
20, 0, 23
29, 0, 23
30, 0, 23
31, 0, 23
32, 0, 23
33, 0, 23
34, 0, 23
35, 0, 23
36, 0, 23
37, 0, 23
38, 0, 23
39, 0, 23
40, 0, 23
41, 0, 23
42, 0, 23
43, 0, 23
44, 0, 23
45, 0, 23
46, 0, 23
47, 0, 23
48, 0, 23
49, 0, 23
1, 0, 24
2, 0, 24
3, 0, 24
4, 0, 24
5, 0, 24
6, 0, 24
7, 0, 24
8, 0, 24
9, 0, 24
10, 0, 24
11, 0, 24
12, 0, 24
13, 0, 24
14, 0, 24
15, 0, 24
16, 0, 24
17, 0, 24
18, 0, 24
19, 0, 24
20, 0, 24
29, 0, 24
30, 0, 24
31, 0, 24
32, 0, 24
33, 0, 24
34, 0, 24
35, 0, 24
36, 0, 24
37, 0, 24
38, 0, 24
39, 0, 24
40, 0, 24
41, 0, 24
42, 0, 24
43, 0, 24
44, 0, 24
45, 0, 24
46, 0, 24
47, 0, 24
48, 0, 24
49, 0, 24
1, 0, 25
2, 0, 25
3, 0, 25
4, 0, 25
5, 0, 25
6, 0, 25
7, 0, 25
8, 0, 25
9, 0, 25
10, 0, 25
11, 0, 25
12, 0, 25
13, 0, 25
14, 0, 25
15, 0, 25
16, 0, 25
17, 0, 25
18, 0, 25
19, 0, 25
20, 0, 25
29, 0, 25
30, 0, 25
31, 0, 25
32, 0, 25
33, 0, 25
34, 0, 25
35, 0, 25
36, 0, 25
37, 0, 25
38, 0, 25
39, 0, 25
40, 0, 25
41, 0, 25
42, 0, 25
43, 0, 25
44, 0, 25
45, 0, 25
46, 0, 25
47, 0, 25
48, 0, 25
49, 0, 25
1, 0, 26
2, 0, 26
3, 0, 26
4, 0, 26
5, 0, 26
6, 0, 26
7, 0, 26
8, 0, 26
9, 0, 26
10, 0, 26
11, 0, 26
12, 0, 26
13, 0, 26
14, 0, 26
15, 0, 26
16, 0, 26
17, 0, 26
18, 0, 26
19, 0, 26
20, 0, 26
29, 0, 26
30, 0, 26
31, 0, 26
32, 0, 26
33, 0, 26
34, 0, 26
35, 0, 26
36, 0, 26
37, 0, 26
38, 0, 26
39, 0, 26
40, 0, 26
41, 0, 26
42, 0, 26
43, 0, 26
44, 0, 26
45, 0, 26
46, 0, 26
47, 0, 26
48, 0, 26
49, 0, 26
1, 0, 27
2, 0, 27
3, 0, 27
4, 0, 27
5, 0, 27
6, 0, 27
7, 0, 27
8, 0, 27
9, 0, 27
10, 0, 27
11, 0, 27
12, 0, 27
13, 0, 27
14, 0, 27
15, 0, 27
16, 0, 27
17, 0, 27
18, 0, 27
19, 0, 27
20, 0, 27
29, 0, 27
30, 0, 27
31, 0, 27
32, 0, 27
33, 0, 27
34, 0, 27
35, 0, 27
36, 0, 27
37, 0, 27
38, 0, 27
39, 0, 27
40, 0, 27
41, 0, 27
42, 0, 27
43, 0, 27
44, 0, 27
45, 0, 27
46, 0, 27
47, 0, 27
48, 0, 27
2, 0, 28
3, 0, 28
4, 0, 28
5, 0, 28
6, 0, 28
7, 0, 28
8, 0, 28
9, 0, 28
10, 0, 28
11, 0, 28
12, 0, 28
13, 0, 28
14, 0, 28
15, 0, 28
16, 0, 28
17, 0, 28
18, 0, 28
19, 0, 28
20, 0, 28
29, 0, 28
30, 0, 28
31, 0, 28
32, 0, 28
33, 0, 28
34, 0, 28
35, 0, 28
36, 0, 28
37, 0, 28
38, 0, 28
39, 0, 28
40, 0, 28
41, 0, 28
42, 0, 28
43, 0, 28
44, 0, 28
45, 0, 28
46, 0, 28
47, 0, 28
48, 0, 28
2, 0, 29
3, 0, 29
4, 0, 29
5, 0, 29
6, 0, 29
7, 0, 29
8, 0, 29
9, 0, 29
10, 0, 29
11, 0, 29
12, 0, 29
13, 0, 29
14, 0, 29
15, 0, 29
16, 0, 29
17, 0, 29
18, 0, 29
19, 0, 29
20, 0, 29
30, 0, 29
31, 0, 29
32, 0, 29
33, 0, 29
34, 0, 29
35, 0, 29
36, 0, 29
37, 0, 29
38, 0, 29
39, 0, 29
40, 0, 29
41, 0, 29
42, 0, 29
43, 0, 29
44, 0, 29
45, 0, 29
46, 0, 29
47, 0, 29
48, 0, 29
2, 0, 30
3, 0, 30
4, 0, 30
5, 0, 30
6, 0, 30
7, 0, 30
8, 0, 30
9, 0, 30
10, 0, 30
11, 0, 30
12, 0, 30
13, 0, 30
14, 0, 30
15, 0, 30
16, 0, 30
17, 0, 30
18, 0, 30
19, 0, 30
20, 0, 30
30, 0, 30
31, 0, 30
32, 0, 30
33, 0, 30
34, 0, 30
35, 0, 30
36, 0, 30
37, 0, 30
38, 0, 30
39, 0, 30
40, 0, 30
41, 0, 30
42, 0, 30
43, 0, 30
44, 0, 30
45, 0, 30
46, 0, 30
47, 0, 30
48, 0, 30
3, 0, 31
4, 0, 31
5, 0, 31
6, 0, 31
7, 0, 31
8, 0, 31
9, 0, 31
10, 0, 31
11, 0, 31
12, 0, 31
13, 0, 31
14, 0, 31
15, 0, 31
16, 0, 31
17, 0, 31
18, 0, 31
19, 0, 31
20, 0, 31
30, 0, 31
31, 0, 31
32, 0, 31
33, 0, 31
34, 0, 31
35, 0, 31
36, 0, 31
37, 0, 31
38, 0, 31
39, 0, 31
40, 0, 31
41, 0, 31
42, 0, 31
43, 0, 31
44, 0, 31
45, 0, 31
46, 0, 31
47, 0, 31
48, 0, 31
3, 0, 32
4, 0, 32
5, 0, 32
6, 0, 32
7, 0, 32
8, 0, 32
9, 0, 32
10, 0, 32
11, 0, 32
12, 0, 32
13, 0, 32
14, 0, 32
15, 0, 32
16, 0, 32
17, 0, 32
18, 0, 32
19, 0, 32
30, 0, 32
31, 0, 32
32, 0, 32
33, 0, 32
34, 0, 32
35, 0, 32
36, 0, 32
37, 0, 32
38, 0, 32
39, 0, 32
40, 0, 32
41, 0, 32
42, 0, 32
43, 0, 32
44, 0, 32
45, 0, 32
46, 0, 32
47, 0, 32
48, 0, 32
3, 0, 33
4, 0, 33
5, 0, 33
6, 0, 33
7, 0, 33
8, 0, 33
9, 0, 33
10, 0, 33
11, 0, 33
12, 0, 33
13, 0, 33
14, 0, 33
15, 0, 33
16, 0, 33
17, 0, 33
18, 0, 33
19, 0, 33
30, 0, 33
31, 0, 33
32, 0, 33
33, 0, 33
34, 0, 33
35, 0, 33
36, 0, 33
37, 0, 33
38, 0, 33
39, 0, 33
40, 0, 33
41, 0, 33
42, 0, 33
43, 0, 33
44, 0, 33
45, 0, 33
46, 0, 33
47, 0, 33
48, 0, 33
3, 0, 34
4, 0, 34
5, 0, 34
6, 0, 34
7, 0, 34
8, 0, 34
9, 0, 34
10, 0, 34
11, 0, 34
12, 0, 34
13, 0, 34
14, 0, 34
15, 0, 34
16, 0, 34
17, 0, 34
18, 0, 34
19, 0, 34
30, 0, 34
31, 0, 34
32, 0, 34
33, 0, 34
34, 0, 34
35, 0, 34
36, 0, 34
37, 0, 34
38, 0, 34
39, 0, 34
40, 0, 34
41, 0, 34
42, 0, 34
43, 0, 34
44, 0, 34
45, 0, 34
46, 0, 34
47, 0, 34
48, 0, 34
3, 0, 35
4, 0, 35
5, 0, 35
6, 0, 35
7, 0, 35
8, 0, 35
9, 0, 35
10, 0, 35
11, 0, 35
12, 0, 35
13, 0, 35
14, 0, 35
15, 0, 35
16, 0, 35
17, 0, 35
18, 0, 35
19, 0, 35
31, 0, 35
32, 0, 35
33, 0, 35
34, 0, 35
35, 0, 35
36, 0, 35
37, 0, 35
38, 0, 35
39, 0, 35
40, 0, 35
41, 0, 35
42, 0, 35
43, 0, 35
44, 0, 35
45, 0, 35
46, 0, 35
47, 0, 35
48, 0, 35
3, 0, 36
4, 0, 36
5, 0, 36
6, 0, 36
7, 0, 36
8, 0, 36
9, 0, 36
10, 0, 36
11, 0, 36
12, 0, 36
13, 0, 36
14, 0, 36
15, 0, 36
16, 0, 36
17, 0, 36
18, 0, 36
31, 0, 36
32, 0, 36
33, 0, 36
34, 0, 36
35, 0, 36
36, 0, 36
37, 0, 36
38, 0, 36
39, 0, 36
40, 0, 36
41, 0, 36
42, 0, 36
43, 0, 36
44, 0, 36
45, 0, 36
46, 0, 36
47, 0, 36
48, 0, 36
4, 0, 37
5, 0, 37
6, 0, 37
7, 0, 37
8, 0, 37
9, 0, 37
10, 0, 37
11, 0, 37
12, 0, 37
13, 0, 37
14, 0, 37
15, 0, 37
16, 0, 37
17, 0, 37
18, 0, 37
31, 0, 37
32, 0, 37
33, 0, 37
34, 0, 37
35, 0, 37
36, 0, 37
37, 0, 37
38, 0, 37
39, 0, 37
40, 0, 37
41, 0, 37
42, 0, 37
43, 0, 37
44, 0, 37
45, 0, 37
46, 0, 37
47, 0, 37
48, 0, 37
5, 0, 38
6, 0, 38
7, 0, 38
8, 0, 38
9, 0, 38
10, 0, 38
11, 0, 38
12, 0, 38
13, 0, 38
14, 0, 38
15, 0, 38
16, 0, 38
17, 0, 38
18, 0, 38
32, 0, 38
33, 0, 38
34, 0, 38
35, 0, 38
36, 0, 38
37, 0, 38
38, 0, 38
39, 0, 38
40, 0, 38
41, 0, 38
42, 0, 38
43, 0, 38
44, 0, 38
45, 0, 38
46, 0, 38
47, 0, 38
5, 0, 39
6, 0, 39
7, 0, 39
8, 0, 39
9, 0, 39
10, 0, 39
11, 0, 39
12, 0, 39
13, 0, 39
14, 0, 39
15, 0, 39
16, 0, 39
17, 0, 39
33, 0, 39
34, 0, 39
35, 0, 39
36, 0, 39
37, 0, 39
38, 0, 39
39, 0, 39
40, 0, 39
41, 0, 39
42, 0, 39
43, 0, 39
44, 0, 39
45, 0, 39
46, 0, 39
47, 0, 39
7, 0, 40
8, 0, 40
9, 0, 40
10, 0, 40
11, 0, 40
12, 0, 40
13, 0, 40
14, 0, 40
15, 0, 40
16, 0, 40
17, 0, 40
34, 0, 40
35, 0, 40
36, 0, 40
37, 0, 40
38, 0, 40
39, 0, 40
40, 0, 40
41, 0, 40
42, 0, 40
43, 0, 40
44, 0, 40
45, 0, 40
46, 0, 40
13, 0, 41
14, 0, 41
15, 0, 41
16, 0, 41
35, 0, 41
36, 0, 41
37, 0, 41
38, 0, 41
39, 0, 41
40, 0, 41
41, 0, 41
42, 0, 41
43, 0, 41
44, 0, 41
45, 0, 41
42, 0, 42
43, 0, 42
44, 0, 42
6, 1, 0
7, 1, 0
8, 1, 0
34, 1, 0
35, 1, 0
36, 1, 0
37, 1, 0
38, 1, 0
5, 1, 1
9, 1, 1
10, 1, 1
11, 1, 1
12, 1, 1
13, 1, 1
14, 1, 1
15, 1, 1
33, 1, 1
39, 1, 1
40, 1, 1
41, 1, 1
42, 1, 1
43, 1, 1
44, 1, 1
45, 1, 1
4, 1, 2
16, 1, 2
17, 1, 2
32, 1, 2
46, 1, 2
3, 1, 3
18, 1, 3
31, 1, 3
47, 1, 3
2, 1, 4
3, 1, 4
19, 1, 4
31, 1, 4
48, 1, 4
2, 1, 5
20, 1, 5
30, 1, 5
48, 1, 5
1, 1, 6
2, 1, 6
20, 1, 6
29, 1, 6
49, 1, 6
1, 1, 7
20, 1, 7
29, 1, 7
49, 1, 7
0, 1, 8
1, 1, 8
20, 1, 8
29, 1, 8
49, 1, 8
0, 1, 9
20, 1, 9
29, 1, 9
49, 1, 9
0, 1, 10
20, 1, 10
28, 1, 10
49, 1, 10
0, 1, 11
20, 1, 11
28, 1, 11
49, 1, 11
0, 1, 12
20, 1, 12
28, 1, 12
49, 1, 12
0, 1, 13
20, 1, 13
28, 1, 13
49, 1, 13
0, 1, 14
20, 1, 14
28, 1, 14
49, 1, 14
0, 1, 15
20, 1, 15
28, 1, 15
49, 1, 15
0, 1, 16
20, 1, 16
28, 1, 16
49, 1, 16
0, 1, 17
20, 1, 17
28, 1, 17
49, 1, 17
0, 1, 18
20, 1, 18
28, 1, 18
49, 1, 18
0, 1, 19
20, 1, 19
28, 1, 19
49, 1, 19
0, 1, 20
20, 1, 20
28, 1, 20
49, 1, 20
0, 1, 21
20, 1, 21
28, 1, 21
49, 1, 21
0, 1, 22
20, 1, 22
28, 1, 22
49, 1, 22
0, 1, 23
20, 1, 23
28, 1, 23
49, 1, 23
0, 1, 24
20, 1, 24
28, 1, 24
49, 1, 24
0, 1, 25
20, 1, 25
28, 1, 25
49, 1, 25
0, 1, 26
21, 1, 26
28, 1, 26
49, 1, 26
0, 1, 27
21, 1, 27
28, 1, 27
49, 1, 27
1, 1, 28
21, 1, 28
29, 1, 28
49, 1, 28
1, 1, 29
20, 1, 29
29, 1, 29
49, 1, 29
1, 1, 30
20, 1, 30
29, 1, 30
49, 1, 30
1, 1, 31
2, 1, 31
20, 1, 31
29, 1, 31
49, 1, 31
1, 1, 32
2, 1, 32
20, 1, 32
30, 1, 32
49, 1, 32
1, 1, 33
2, 1, 33
20, 1, 33
30, 1, 33
49, 1, 33
2, 1, 34
20, 1, 34
30, 1, 34
49, 1, 34
2, 1, 35
20, 1, 35
30, 1, 35
48, 1, 35
2, 1, 36
19, 1, 36
30, 1, 36
48, 1, 36
3, 1, 37
19, 1, 37
31, 1, 37
48, 1, 37
3, 1, 38
4, 1, 38
19, 1, 38
31, 1, 38
48, 1, 38
4, 1, 39
18, 1, 39
32, 1, 39
47, 1, 39
5, 1, 40
6, 1, 40
18, 1, 40
33, 1, 40
46, 1, 40
6, 1, 41
7, 1, 41
8, 1, 41
9, 1, 41
10, 1, 41
11, 1, 41
12, 1, 41
16, 1, 41
17, 1, 41
34, 1, 41
35, 1, 41
36, 1, 41
45, 1, 41
46, 1, 41
9, 1, 42
10, 1, 42
11, 1, 42
12, 1, 42
13, 1, 42
14, 1, 42
15, 1, 42
37, 1, 42
38, 1, 42
39, 1, 42
40, 1, 42
41, 1, 42
42, 1, 42
43, 1, 42
44, 1, 42
6, 2, 0
7, 2, 0
8, 2, 0
34, 2, 0
35, 2, 0
36, 2, 0
37, 2, 0
5, 2, 1
9, 2, 1
10, 2, 1
11, 2, 1
12, 2, 1
13, 2, 1
14, 2, 1
15, 2, 1
16, 2, 1
33, 2, 1
38, 2, 1
39, 2, 1
40, 2, 1
41, 2, 1
42, 2, 1
43, 2, 1
44, 2, 1
45, 2, 1
4, 2, 2
17, 2, 2
32, 2, 2
46, 2, 2
3, 2, 3
18, 2, 3
19, 2, 3
31, 2, 3
47, 2, 3
48, 2, 3
2, 2, 4
19, 2, 4
30, 2, 4
48, 2, 4
1, 2, 5
20, 2, 5
30, 2, 5
49, 2, 5
1, 2, 6
20, 2, 6
29, 2, 6
49, 2, 6
1, 2, 7
20, 2, 7
29, 2, 7
49, 2, 7
0, 2, 8
20, 2, 8
29, 2, 8
49, 2, 8
0, 2, 9
20, 2, 9
28, 2, 9
49, 2, 9
0, 2, 10
21, 2, 10
28, 2, 10
49, 2, 10
0, 2, 11
21, 2, 11
28, 2, 11
49, 2, 11
0, 2, 12
21, 2, 12
28, 2, 12
49, 2, 12
0, 2, 13
21, 2, 13
28, 2, 13
49, 2, 13
0, 2, 14
21, 2, 14
28, 2, 14
49, 2, 14
0, 2, 15
21, 2, 15
28, 2, 15
49, 2, 15
0, 2, 16
21, 2, 16
28, 2, 16
49, 2, 16
0, 2, 17
21, 2, 17
28, 2, 17
49, 2, 17
0, 2, 18
21, 2, 18
28, 2, 18
49, 2, 18
0, 2, 19
21, 2, 19
28, 2, 19
49, 2, 19
0, 2, 20
21, 2, 20
28, 2, 20
49, 2, 20
0, 2, 21
21, 2, 21
28, 2, 21
49, 2, 21
0, 2, 22
21, 2, 22
28, 2, 22
49, 2, 22
0, 2, 23
21, 2, 23
28, 2, 23
49, 2, 23
0, 2, 24
21, 2, 24
28, 2, 24
49, 2, 24
0, 2, 25
21, 2, 25
28, 2, 25
49, 2, 25
0, 2, 26
21, 2, 26
28, 2, 26
49, 2, 26
0, 2, 27
21, 2, 27
28, 2, 27
49, 2, 27
0, 2, 28
21, 2, 28
28, 2, 28
49, 2, 28
0, 2, 29
21, 2, 29
29, 2, 29
49, 2, 29
1, 2, 30
21, 2, 30
29, 2, 30
49, 2, 30
1, 2, 31
21, 2, 31
29, 2, 31
49, 2, 31
1, 2, 32
20, 2, 32
29, 2, 32
49, 2, 32
1, 2, 33
20, 2, 33
30, 2, 33
49, 2, 33
1, 2, 34
20, 2, 34
30, 2, 34
49, 2, 34
2, 2, 35
20, 2, 35
30, 2, 35
49, 2, 35
2, 2, 36
20, 2, 36
30, 2, 36
48, 2, 36
2, 2, 37
20, 2, 37
31, 2, 37
48, 2, 37
3, 2, 38
19, 2, 38
31, 2, 38
48, 2, 38
3, 2, 39
18, 2, 39
32, 2, 39
47, 2, 39
4, 2, 40
18, 2, 40
33, 2, 40
46, 2, 40
5, 2, 41
6, 2, 41
7, 2, 41
17, 2, 41
34, 2, 41
35, 2, 41
45, 2, 41
46, 2, 41
8, 2, 42
9, 2, 42
10, 2, 42
11, 2, 42
12, 2, 42
13, 2, 42
14, 2, 42
15, 2, 42
16, 2, 42
36, 2, 42
37, 2, 42
38, 2, 42
39, 2, 42
40, 2, 42
41, 2, 42
42, 2, 42
43, 2, 42
44, 2, 42
6, 3, 0
7, 3, 0
8, 3, 0
35, 3, 0
36, 3, 0
37, 3, 0
5, 3, 1
9, 3, 1
10, 3, 1
11, 3, 1
12, 3, 1
13, 3, 1
14, 3, 1
15, 3, 1
16, 3, 1
33, 3, 1
34, 3, 1
38, 3, 1
39, 3, 1
40, 3, 1
41, 3, 1
42, 3, 1
43, 3, 1
44, 3, 1
4, 3, 2
17, 3, 2
32, 3, 2
45, 3, 2
46, 3, 2
3, 3, 3
18, 3, 3
19, 3, 3
31, 3, 3
47, 3, 3
2, 3, 4
19, 3, 4
30, 3, 4
48, 3, 4
2, 3, 5
20, 3, 5
30, 3, 5
48, 3, 5
1, 3, 6
20, 3, 6
30, 3, 6
49, 3, 6
1, 3, 7
20, 3, 7
29, 3, 7
49, 3, 7
0, 3, 8
20, 3, 8
29, 3, 8
49, 3, 8
0, 3, 9
20, 3, 9
28, 3, 9
49, 3, 9
0, 3, 10
21, 3, 10
28, 3, 10
49, 3, 10
0, 3, 11
21, 3, 11
28, 3, 11
49, 3, 11
0, 3, 12
21, 3, 12
28, 3, 12
49, 3, 12
0, 3, 13
21, 3, 13
28, 3, 13
49, 3, 13
0, 3, 14
21, 3, 14
28, 3, 14
49, 3, 14
0, 3, 15
21, 3, 15
28, 3, 15
49, 3, 15
0, 3, 16
21, 3, 16
28, 3, 16
49, 3, 16
0, 3, 17
21, 3, 17
28, 3, 17
49, 3, 17
0, 3, 18
21, 3, 18
28, 3, 18
49, 3, 18
0, 3, 19
21, 3, 19
28, 3, 19
49, 3, 19
0, 3, 20
21, 3, 20
28, 3, 20
49, 3, 20
0, 3, 21
21, 3, 21
28, 3, 21
49, 3, 21
0, 3, 22
21, 3, 22
28, 3, 22
49, 3, 22
0, 3, 23
21, 3, 23
28, 3, 23
49, 3, 23
0, 3, 24
21, 3, 24
28, 3, 24
49, 3, 24
0, 3, 25
21, 3, 25
28, 3, 25
49, 3, 25
0, 3, 26
21, 3, 26
28, 3, 26
49, 3, 26
0, 3, 27
21, 3, 27
28, 3, 27
49, 3, 27
0, 3, 28
21, 3, 28
28, 3, 28
49, 3, 28
0, 3, 29
21, 3, 29
29, 3, 29
49, 3, 29
1, 3, 30
21, 3, 30
29, 3, 30
49, 3, 30
1, 3, 31
21, 3, 31
29, 3, 31
49, 3, 31
1, 3, 32
20, 3, 32
29, 3, 32
49, 3, 32
1, 3, 33
20, 3, 33
30, 3, 33
49, 3, 33
1, 3, 34
20, 3, 34
30, 3, 34
49, 3, 34
2, 3, 35
20, 3, 35
30, 3, 35
49, 3, 35
2, 3, 36
20, 3, 36
30, 3, 36
48, 3, 36
2, 3, 37
19, 3, 37
31, 3, 37
48, 3, 37
3, 3, 38
19, 3, 38
31, 3, 38
48, 3, 38
4, 3, 39
18, 3, 39
32, 3, 39
47, 3, 39
4, 3, 40
18, 3, 40
33, 3, 40
46, 3, 40
5, 3, 41
6, 3, 41
7, 3, 41
17, 3, 41
34, 3, 41
35, 3, 41
45, 3, 41
46, 3, 41
8, 3, 42
9, 3, 42
10, 3, 42
11, 3, 42
12, 3, 42
13, 3, 42
14, 3, 42
15, 3, 42
16, 3, 42
36, 3, 42
37, 3, 42
38, 3, 42
39, 3, 42
40, 3, 42
41, 3, 42
42, 3, 42
43, 3, 42
44, 3, 42
6, 4, 1
7, 4, 1
8, 4, 1
9, 4, 1
11, 4, 1
12, 4, 1
13, 4, 1
14, 4, 1
15, 4, 1
34, 4, 1
35, 4, 1
36, 4, 1
37, 4, 1
38, 4, 1
39, 4, 1
40, 4, 1
41, 4, 1
42, 4, 1
43, 4, 1
4, 4, 2
5, 4, 2
10, 4, 2
16, 4, 2
17, 4, 2
33, 4, 2
44, 4, 2
45, 4, 2
3, 4, 3
18, 4, 3
32, 4, 3
46, 4, 3
47, 4, 3
3, 4, 4
19, 4, 4
31, 4, 4
48, 4, 4
2, 4, 5
20, 4, 5
30, 4, 5
48, 4, 5
1, 4, 6
20, 4, 6
30, 4, 6
49, 4, 6
1, 4, 7
20, 4, 7
29, 4, 7
49, 4, 7
0, 4, 8
20, 4, 8
29, 4, 8
49, 4, 8
0, 4, 9
20, 4, 9
29, 4, 9
49, 4, 9
0, 4, 10
20, 4, 10
28, 4, 10
49, 4, 10
0, 4, 11
20, 4, 11
28, 4, 11
49, 4, 11
0, 4, 12
21, 4, 12
28, 4, 12
49, 4, 12
0, 4, 13
21, 4, 13
28, 4, 13
49, 4, 13
0, 4, 14
21, 4, 14
28, 4, 14
49, 4, 14
0, 4, 15
21, 4, 15
28, 4, 15
49, 4, 15
0, 4, 16
21, 4, 16
28, 4, 16
49, 4, 16
0, 4, 17
21, 4, 17
28, 4, 17
49, 4, 17
0, 4, 18
21, 4, 18
28, 4, 18
49, 4, 18
0, 4, 19
21, 4, 19
28, 4, 19
49, 4, 19
0, 4, 20
21, 4, 20
28, 4, 20
49, 4, 20
0, 4, 21
21, 4, 21
28, 4, 21
49, 4, 21
0, 4, 22
21, 4, 22
28, 4, 22
49, 4, 22
0, 4, 23
21, 4, 23
28, 4, 23
49, 4, 23
0, 4, 24
21, 4, 24
28, 4, 24
49, 4, 24
0, 4, 25
21, 4, 25
28, 4, 25
49, 4, 25
0, 4, 26
21, 4, 26
28, 4, 26
49, 4, 26
0, 4, 27
21, 4, 27
28, 4, 27
49, 4, 27
0, 4, 28
21, 4, 28
29, 4, 28
49, 4, 28
0, 4, 29
21, 4, 29
29, 4, 29
49, 4, 29
1, 4, 30
21, 4, 30
29, 4, 30
49, 4, 30
1, 4, 31
21, 4, 31
29, 4, 31
49, 4, 31
1, 4, 32
20, 4, 32
29, 4, 32
49, 4, 32
1, 4, 33
20, 4, 33
30, 4, 33
49, 4, 33
1, 4, 34
20, 4, 34
30, 4, 34
49, 4, 34
2, 4, 35
20, 4, 35
30, 4, 35
48, 4, 35
2, 4, 36
20, 4, 36
30, 4, 36
48, 4, 36
2, 4, 37
19, 4, 37
31, 4, 37
48, 4, 37
3, 4, 38
19, 4, 38
31, 4, 38
47, 4, 38
4, 4, 39
18, 4, 39
32, 4, 39
47, 4, 39
4, 4, 40
5, 4, 40
18, 4, 40
33, 4, 40
46, 4, 40
6, 4, 41
7, 4, 41
8, 4, 41
16, 4, 41
17, 4, 41
34, 4, 41
35, 4, 41
36, 4, 41
45, 4, 41
9, 4, 42
10, 4, 42
11, 4, 42
12, 4, 42
13, 4, 42
14, 4, 42
15, 4, 42
37, 4, 42
38, 4, 42
39, 4, 42
40, 4, 42
41, 4, 42
42, 4, 42
43, 4, 42
44, 4, 42
5, 5, 2
6, 5, 2
7, 5, 2
8, 5, 2
9, 5, 2
10, 5, 2
11, 5, 2
12, 5, 2
13, 5, 2
14, 5, 2
15, 5, 2
16, 5, 2
34, 5, 2
35, 5, 2
36, 5, 2
37, 5, 2
38, 5, 2
39, 5, 2
40, 5, 2
41, 5, 2
42, 5, 2
43, 5, 2
44, 5, 2
45, 5, 2
4, 5, 3
5, 5, 3
17, 5, 3
18, 5, 3
32, 5, 3
33, 5, 3
46, 5, 3
3, 5, 4
18, 5, 4
31, 5, 4
47, 5, 4
2, 5, 5
19, 5, 5
31, 5, 5
48, 5, 5
2, 5, 6
20, 5, 6
30, 5, 6
48, 5, 6
1, 5, 7
20, 5, 7
30, 5, 7
48, 5, 7
1, 5, 8
20, 5, 8
29, 5, 8
49, 5, 8
1, 5, 9
20, 5, 9
29, 5, 9
49, 5, 9
0, 5, 10
20, 5, 10
29, 5, 10
49, 5, 10
0, 5, 11
20, 5, 11
29, 5, 11
49, 5, 11
0, 5, 12
20, 5, 12
29, 5, 12
49, 5, 12
0, 5, 13
20, 5, 13
29, 5, 13
49, 5, 13
0, 5, 14
21, 5, 14
29, 5, 14
49, 5, 14
0, 5, 15
20, 5, 15
29, 5, 15
49, 5, 15
0, 5, 16
20, 5, 16
29, 5, 16
49, 5, 16
0, 5, 17
21, 5, 17
29, 5, 17
49, 5, 17
0, 5, 18
20, 5, 18
29, 5, 18
49, 5, 18
0, 5, 19
20, 5, 19
29, 5, 19
49, 5, 19
0, 5, 20
20, 5, 20
29, 5, 20
49, 5, 20
0, 5, 21
20, 5, 21
29, 5, 21
49, 5, 21
0, 5, 22
20, 5, 22
29, 5, 22
49, 5, 22
0, 5, 23
20, 5, 23
29, 5, 23
49, 5, 23
0, 5, 24
20, 5, 24
28, 5, 24
49, 5, 24
0, 5, 25
20, 5, 25
28, 5, 25
49, 5, 25
0, 5, 26
20, 5, 26
29, 5, 26
49, 5, 26
0, 5, 27
20, 5, 27
29, 5, 27
49, 5, 27
1, 5, 28
20, 5, 28
29, 5, 28
49, 5, 28
1, 5, 29
20, 5, 29
29, 5, 29
49, 5, 29
1, 5, 30
20, 5, 30
29, 5, 30
49, 5, 30
1, 5, 31
20, 5, 31
29, 5, 31
49, 5, 31
1, 5, 32
20, 5, 32
30, 5, 32
49, 5, 32
1, 5, 33
20, 5, 33
30, 5, 33
49, 5, 33
2, 5, 34
20, 5, 34
30, 5, 34
48, 5, 34
2, 5, 35
20, 5, 35
30, 5, 35
48, 5, 35
2, 5, 36
19, 5, 36
31, 5, 36
48, 5, 36
3, 5, 37
19, 5, 37
31, 5, 37
47, 5, 37
3, 5, 38
18, 5, 38
32, 5, 38
47, 5, 38
4, 5, 39
18, 5, 39
33, 5, 39
46, 5, 39
5, 5, 40
6, 5, 40
17, 5, 40
34, 5, 40
45, 5, 40
46, 5, 40
7, 5, 41
8, 5, 41
9, 5, 41
10, 5, 41
11, 5, 41
12, 5, 41
13, 5, 41
14, 5, 41
15, 5, 41
16, 5, 41
35, 5, 41
36, 5, 41
37, 5, 41
38, 5, 41
39, 5, 41
43, 5, 41
44, 5, 41
40, 5, 42
41, 5, 42
42, 5, 42
12, 6, 2
13, 6, 2
14, 6, 2
40, 6, 2
41, 6, 2
42, 6, 2
43, 6, 2
6, 6, 3
7, 6, 3
8, 6, 3
9, 6, 3
10, 6, 3
11, 6, 3
15, 6, 3
16, 6, 3
34, 6, 3
35, 6, 3
36, 6, 3
37, 6, 3
38, 6, 3
39, 6, 3
44, 6, 3
45, 6, 3
3, 6, 4
4, 6, 4
5, 6, 4
17, 6, 4
18, 6, 4
32, 6, 4
33, 6, 4
46, 6, 4
47, 6, 4
3, 6, 5
18, 6, 5
31, 6, 5
47, 6, 5
2, 6, 6
19, 6, 6
31, 6, 6
47, 6, 6
2, 6, 7
19, 6, 7
30, 6, 7
48, 6, 7
1, 6, 8
19, 6, 8
30, 6, 8
48, 6, 8
1, 6, 9
20, 6, 9
29, 6, 9
48, 6, 9
1, 6, 10
20, 6, 10
29, 6, 10
48, 6, 10
1, 6, 11
20, 6, 11
29, 6, 11
48, 6, 11
1, 6, 12
20, 6, 12
29, 6, 12
48, 6, 12
1, 6, 13
20, 6, 13
29, 6, 13
49, 6, 13
1, 6, 14
20, 6, 14
29, 6, 14
49, 6, 14
1, 6, 15
20, 6, 15
29, 6, 15
49, 6, 15
1, 6, 16
20, 6, 16
29, 6, 16
49, 6, 16
1, 6, 17
20, 6, 17
29, 6, 17
48, 6, 17
1, 6, 18
20, 6, 18
29, 6, 18
48, 6, 18
1, 6, 19
20, 6, 19
29, 6, 19
48, 6, 19
1, 6, 20
20, 6, 20
29, 6, 20
48, 6, 20
1, 6, 21
20, 6, 21
29, 6, 21
48, 6, 21
1, 6, 22
20, 6, 22
29, 6, 22
48, 6, 22
1, 6, 23
20, 6, 23
29, 6, 23
48, 6, 23
1, 6, 24
20, 6, 24
29, 6, 24
48, 6, 24
1, 6, 25
20, 6, 25
29, 6, 25
48, 6, 25
1, 6, 26
20, 6, 26
29, 6, 26
49, 6, 26
1, 6, 27
20, 6, 27
29, 6, 27
49, 6, 27
1, 6, 28
20, 6, 28
29, 6, 28
49, 6, 28
1, 6, 29
20, 6, 29
29, 6, 29
48, 6, 29
1, 6, 30
20, 6, 30
30, 6, 30
48, 6, 30
1, 6, 31
20, 6, 31
30, 6, 31
48, 6, 31
2, 6, 32
20, 6, 32
30, 6, 32
48, 6, 32
2, 6, 33
19, 6, 33
30, 6, 33
48, 6, 33
2, 6, 34
19, 6, 34
30, 6, 34
48, 6, 34
2, 6, 35
19, 6, 35
31, 6, 35
48, 6, 35
3, 6, 36
18, 6, 36
19, 6, 36
31, 6, 36
47, 6, 36
3, 6, 37
18, 6, 37
32, 6, 37
47, 6, 37
4, 6, 38
17, 6, 38
18, 6, 38
32, 6, 38
33, 6, 38
46, 6, 38
5, 6, 39
16, 6, 39
17, 6, 39
33, 6, 39
45, 6, 39
6, 6, 40
7, 6, 40
8, 6, 40
15, 6, 40
16, 6, 40
34, 6, 40
35, 6, 40
36, 6, 40
44, 6, 40
9, 6, 41
10, 6, 41
11, 6, 41
12, 6, 41
13, 6, 41
14, 6, 41
37, 6, 41
38, 6, 41
39, 6, 41
40, 6, 41
41, 6, 41
42, 6, 41
43, 6, 41
11, 7, 3
12, 7, 3
13, 7, 3
14, 7, 3
39, 7, 3
40, 7, 3
41, 7, 3
42, 7, 3
43, 7, 3
5, 7, 4
6, 7, 4
7, 7, 4
8, 7, 4
9, 7, 4
10, 7, 4
14, 7, 4
15, 7, 4
16, 7, 4
33, 7, 4
34, 7, 4
35, 7, 4
36, 7, 4
37, 7, 4
38, 7, 4
43, 7, 4
44, 7, 4
45, 7, 4
4, 7, 5
5, 7, 5
16, 7, 5
17, 7, 5
32, 7, 5
33, 7, 5
45, 7, 5
46, 7, 5
3, 7, 6
4, 7, 6
17, 7, 6
18, 7, 6
31, 7, 6
32, 7, 6
46, 7, 6
47, 7, 6
3, 7, 7
18, 7, 7
31, 7, 7
47, 7, 7
2, 7, 8
19, 7, 8
31, 7, 8
47, 7, 8
2, 7, 9
19, 7, 9
30, 7, 9
47, 7, 9
2, 7, 10
19, 7, 10
30, 7, 10
48, 7, 10
1, 7, 11
2, 7, 11
19, 7, 11
30, 7, 11
48, 7, 11
1, 7, 12
19, 7, 12
30, 7, 12
48, 7, 12
1, 7, 13
19, 7, 13
30, 7, 13
48, 7, 13
1, 7, 14
19, 7, 14
30, 7, 14
48, 7, 14
1, 7, 15
19, 7, 15
30, 7, 15
48, 7, 15
2, 7, 16
19, 7, 16
30, 7, 16
48, 7, 16
2, 7, 17
19, 7, 17
30, 7, 17
48, 7, 17
2, 7, 18
19, 7, 18
30, 7, 18
48, 7, 18
2, 7, 19
19, 7, 19
30, 7, 19
48, 7, 19
2, 7, 20
19, 7, 20
30, 7, 20
48, 7, 20
2, 7, 21
19, 7, 21
30, 7, 21
48, 7, 21
2, 7, 22
19, 7, 22
30, 7, 22
48, 7, 22
2, 7, 23
19, 7, 23
30, 7, 23
48, 7, 23
2, 7, 24
19, 7, 24
30, 7, 24
48, 7, 24
1, 7, 25
19, 7, 25
30, 7, 25
48, 7, 25
1, 7, 26
19, 7, 26
30, 7, 26
48, 7, 26
1, 7, 27
19, 7, 27
30, 7, 27
48, 7, 27
2, 7, 28
19, 7, 28
30, 7, 28
48, 7, 28
2, 7, 29
19, 7, 29
30, 7, 29
48, 7, 29
2, 7, 30
19, 7, 30
30, 7, 30
48, 7, 30
2, 7, 31
19, 7, 31
30, 7, 31
47, 7, 31
2, 7, 32
19, 7, 32
31, 7, 32
47, 7, 32
2, 7, 33
19, 7, 33
31, 7, 33
47, 7, 33
3, 7, 34
18, 7, 34
31, 7, 34
47, 7, 34
3, 7, 35
18, 7, 35
31, 7, 35
46, 7, 35
47, 7, 35
3, 7, 36
4, 7, 36
17, 7, 36
32, 7, 36
46, 7, 36
4, 7, 37
5, 7, 37
16, 7, 37
17, 7, 37
33, 7, 37
45, 7, 37
46, 7, 37
5, 7, 38
6, 7, 38
15, 7, 38
16, 7, 38
34, 7, 38
44, 7, 38
45, 7, 38
6, 7, 39
7, 7, 39
8, 7, 39
10, 7, 39
14, 7, 39
15, 7, 39
34, 7, 39
35, 7, 39
36, 7, 39
43, 7, 39
44, 7, 39
8, 7, 40
9, 7, 40
10, 7, 40
11, 7, 40
12, 7, 40
13, 7, 40
14, 7, 40
36, 7, 40
37, 7, 40
38, 7, 40
39, 7, 40
41, 7, 40
42, 7, 40
43, 7, 40
40, 7, 41
11, 8, 4
12, 8, 4
13, 8, 4
39, 8, 4
40, 8, 4
41, 8, 4
42, 8, 4
6, 8, 5
7, 8, 5
8, 8, 5
9, 8, 5
10, 8, 5
11, 8, 5
12, 8, 5
13, 8, 5
14, 8, 5
15, 8, 5
34, 8, 5
35, 8, 5
36, 8, 5
37, 8, 5
38, 8, 5
39, 8, 5
40, 8, 5
41, 8, 5
42, 8, 5
43, 8, 5
44, 8, 5
5, 8, 6
6, 8, 6
7, 8, 6
8, 8, 6
9, 8, 6
13, 8, 6
14, 8, 6
15, 8, 6
16, 8, 6
33, 8, 6
34, 8, 6
35, 8, 6
36, 8, 6
37, 8, 6
42, 8, 6
43, 8, 6
44, 8, 6
45, 8, 6
4, 8, 7
5, 8, 7
6, 8, 7
7, 8, 7
8, 8, 7
16, 8, 7
17, 8, 7
32, 8, 7
33, 8, 7
34, 8, 7
45, 8, 7
46, 8, 7
3, 8, 8
4, 8, 8
5, 8, 8
17, 8, 8
18, 8, 8
32, 8, 8
33, 8, 8
46, 8, 8
3, 8, 9
4, 8, 9
17, 8, 9
18, 8, 9
31, 8, 9
32, 8, 9
46, 8, 9
3, 8, 10
18, 8, 10
31, 8, 10
32, 8, 10
46, 8, 10
47, 8, 10
3, 8, 11
17, 8, 11
18, 8, 11
31, 8, 11
46, 8, 11
47, 8, 11
2, 8, 12
3, 8, 12
18, 8, 12
31, 8, 12
46, 8, 12
47, 8, 12
2, 8, 13
3, 8, 13
18, 8, 13
31, 8, 13
47, 8, 13
2, 8, 14
3, 8, 14
18, 8, 14
31, 8, 14
47, 8, 14
2, 8, 15
3, 8, 15
18, 8, 15
31, 8, 15
47, 8, 15
3, 8, 16
18, 8, 16
31, 8, 16
47, 8, 16
3, 8, 17
18, 8, 17
31, 8, 17
47, 8, 17
3, 8, 18
18, 8, 18
31, 8, 18
47, 8, 18
3, 8, 19
18, 8, 19
31, 8, 19
47, 8, 19
2, 8, 20
18, 8, 20
31, 8, 20
47, 8, 20
3, 8, 21
18, 8, 21
31, 8, 21
47, 8, 21
3, 8, 22
18, 8, 22
31, 8, 22
47, 8, 22
3, 8, 23
18, 8, 23
31, 8, 23
47, 8, 23
2, 8, 24
18, 8, 24
31, 8, 24
47, 8, 24
2, 8, 25
18, 8, 25
31, 8, 25
47, 8, 25
2, 8, 26
18, 8, 26
31, 8, 26
47, 8, 26
2, 8, 27
18, 8, 27
19, 8, 27
31, 8, 27
47, 8, 27
2, 8, 28
3, 8, 28
18, 8, 28
31, 8, 28
47, 8, 28
3, 8, 29
18, 8, 29
31, 8, 29
47, 8, 29
3, 8, 30
18, 8, 30
31, 8, 30
47, 8, 30
3, 8, 31
18, 8, 31
31, 8, 31
32, 8, 31
47, 8, 31
3, 8, 32
18, 8, 32
32, 8, 32
46, 8, 32
47, 8, 32
3, 8, 33
4, 8, 33
17, 8, 33
18, 8, 33
32, 8, 33
46, 8, 33
4, 8, 34
17, 8, 34
32, 8, 34
45, 8, 34
46, 8, 34
4, 8, 35
16, 8, 35
17, 8, 35
32, 8, 35
33, 8, 35
45, 8, 35
5, 8, 36
6, 8, 36
15, 8, 36
16, 8, 36
33, 8, 36
34, 8, 36
44, 8, 36
45, 8, 36
6, 8, 37
7, 8, 37
10, 8, 37
14, 8, 37
15, 8, 37
34, 8, 37
35, 8, 37
43, 8, 37
44, 8, 37
7, 8, 38
8, 8, 38
9, 8, 38
10, 8, 38
11, 8, 38
13, 8, 38
14, 8, 38
35, 8, 38
36, 8, 38
37, 8, 38
38, 8, 38
42, 8, 38
43, 8, 38
9, 8, 39
11, 8, 39
12, 8, 39
13, 8, 39
37, 8, 39
38, 8, 39
39, 8, 39
40, 8, 39
41, 8, 39
42, 8, 39
12, 8, 40
40, 8, 40
10, 9, 6
11, 9, 6
12, 9, 6
38, 9, 6
39, 9, 6
40, 9, 6
41, 9, 6
9, 9, 7
10, 9, 7
11, 9, 7
12, 9, 7
13, 9, 7
14, 9, 7
15, 9, 7
35, 9, 7
36, 9, 7
37, 9, 7
38, 9, 7
39, 9, 7
40, 9, 7
41, 9, 7
42, 9, 7
43, 9, 7
44, 9, 7
6, 9, 8
7, 9, 8
8, 9, 8
9, 9, 8
10, 9, 8
11, 9, 8
12, 9, 8
13, 9, 8
14, 9, 8
15, 9, 8
16, 9, 8
34, 9, 8
35, 9, 8
36, 9, 8
37, 9, 8
38, 9, 8
39, 9, 8
40, 9, 8
41, 9, 8
42, 9, 8
43, 9, 8
44, 9, 8
45, 9, 8
5, 9, 9
6, 9, 9
7, 9, 9
8, 9, 9
9, 9, 9
10, 9, 9
12, 9, 9
14, 9, 9
15, 9, 9
16, 9, 9
33, 9, 9
34, 9, 9
35, 9, 9
36, 9, 9
37, 9, 9
38, 9, 9
39, 9, 9
43, 9, 9
44, 9, 9
45, 9, 9
4, 9, 10
5, 9, 10
6, 9, 10
15, 9, 10
16, 9, 10
17, 9, 10
33, 9, 10
34, 9, 10
35, 9, 10
44, 9, 10
45, 9, 10
4, 9, 11
5, 9, 11
16, 9, 11
32, 9, 11
33, 9, 11
34, 9, 11
44, 9, 11
45, 9, 11
4, 9, 12
5, 9, 12
16, 9, 12
17, 9, 12
32, 9, 12
33, 9, 12
45, 9, 12
4, 9, 13
5, 9, 13
16, 9, 13
17, 9, 13
32, 9, 13
33, 9, 13
45, 9, 13
46, 9, 13
4, 9, 14
5, 9, 14
16, 9, 14
17, 9, 14
32, 9, 14
33, 9, 14
44, 9, 14
45, 9, 14
46, 9, 14
4, 9, 15
16, 9, 15
17, 9, 15
32, 9, 15
33, 9, 15
45, 9, 15
46, 9, 15
4, 9, 16
16, 9, 16
17, 9, 16
32, 9, 16
45, 9, 16
46, 9, 16
4, 9, 17
16, 9, 17
17, 9, 17
32, 9, 17
45, 9, 17
46, 9, 17
3, 9, 18
4, 9, 18
16, 9, 18
17, 9, 18
32, 9, 18
45, 9, 18
46, 9, 18
4, 9, 19
16, 9, 19
17, 9, 19
32, 9, 19
45, 9, 19
46, 9, 19
3, 9, 20
4, 9, 20
16, 9, 20
17, 9, 20
32, 9, 20
45, 9, 20
46, 9, 20
3, 9, 21
4, 9, 21
10, 9, 21
11, 9, 21
16, 9, 21
17, 9, 21
32, 9, 21
39, 9, 21
45, 9, 21
46, 9, 21
3, 9, 22
4, 9, 22
9, 9, 22
10, 9, 22
11, 9, 22
17, 9, 22
32, 9, 22
38, 9, 22
39, 9, 22
46, 9, 22
4, 9, 23
10, 9, 23
11, 9, 23
17, 9, 23
32, 9, 23
38, 9, 23
39, 9, 23
46, 9, 23
3, 9, 24
4, 9, 24
17, 9, 24
32, 9, 24
46, 9, 24
3, 9, 25
4, 9, 25
17, 9, 25
32, 9, 25
46, 9, 25
3, 9, 26
4, 9, 26
17, 9, 26
18, 9, 26
32, 9, 26
46, 9, 26
3, 9, 27
4, 9, 27
17, 9, 27
32, 9, 27
46, 9, 27
4, 9, 28
17, 9, 28
32, 9, 28
33, 9, 28
46, 9, 28
4, 9, 29
17, 9, 29
32, 9, 29
33, 9, 29
46, 9, 29
4, 9, 30
5, 9, 30
17, 9, 30
32, 9, 30
33, 9, 30
45, 9, 30
46, 9, 30
4, 9, 31
5, 9, 31
16, 9, 31
17, 9, 31
33, 9, 31
45, 9, 31
46, 9, 31
4, 9, 32
5, 9, 32
16, 9, 32
17, 9, 32
33, 9, 32
45, 9, 32
5, 9, 33
16, 9, 33
33, 9, 33
34, 9, 33
44, 9, 33
45, 9, 33
5, 9, 34
6, 9, 34
7, 9, 34
11, 9, 34
15, 9, 34
16, 9, 34
33, 9, 34
34, 9, 34
43, 9, 34
44, 9, 34
5, 9, 35
6, 9, 35
7, 9, 35
10, 9, 35
11, 9, 35
14, 9, 35
15, 9, 35
34, 9, 35
35, 9, 35
39, 9, 35
43, 9, 35
44, 9, 35
7, 9, 36
8, 9, 36
9, 9, 36
10, 9, 36
11, 9, 36
13, 9, 36
14, 9, 36
35, 9, 36
36, 9, 36
37, 9, 36
38, 9, 36
39, 9, 36
42, 9, 36
43, 9, 36
8, 9, 37
9, 9, 37
11, 9, 37
12, 9, 37
13, 9, 37
36, 9, 37
37, 9, 37
38, 9, 37
39, 9, 37
40, 9, 37
41, 9, 37
42, 9, 37
12, 9, 38
39, 9, 38
40, 9, 38
41, 9, 38
11, 10, 9
13, 10, 9
40, 10, 9
41, 10, 9
42, 10, 9
7, 10, 10
8, 10, 10
9, 10, 10
10, 10, 10
11, 10, 10
12, 10, 10
13, 10, 10
14, 10, 10
36, 10, 10
37, 10, 10
38, 10, 10
39, 10, 10
40, 10, 10
41, 10, 10
42, 10, 10
43, 10, 10
6, 10, 11
7, 10, 11
8, 10, 11
9, 10, 11
10, 10, 11
11, 10, 11
12, 10, 11
13, 10, 11
14, 10, 11
15, 10, 11
35, 10, 11
36, 10, 11
37, 10, 11
38, 10, 11
39, 10, 11
40, 10, 11
41, 10, 11
42, 10, 11
43, 10, 11
6, 10, 12
7, 10, 12
8, 10, 12
9, 10, 12
10, 10, 12
13, 10, 12
14, 10, 12
15, 10, 12
34, 10, 12
35, 10, 12
36, 10, 12
37, 10, 12
38, 10, 12
41, 10, 12
42, 10, 12
43, 10, 12
44, 10, 12
6, 10, 13
7, 10, 13
8, 10, 13
9, 10, 13
10, 10, 13
13, 10, 13
14, 10, 13
15, 10, 13
34, 10, 13
35, 10, 13
36, 10, 13
37, 10, 13
38, 10, 13
42, 10, 13
43, 10, 13
44, 10, 13
6, 10, 14
7, 10, 14
8, 10, 14
9, 10, 14
14, 10, 14
15, 10, 14
34, 10, 14
35, 10, 14
36, 10, 14
37, 10, 14
38, 10, 14
42, 10, 14
43, 10, 14
5, 10, 15
6, 10, 15
7, 10, 15
8, 10, 15
9, 10, 15
13, 10, 15
14, 10, 15
15, 10, 15
34, 10, 15
35, 10, 15
36, 10, 15
37, 10, 15
43, 10, 15
44, 10, 15
5, 10, 16
6, 10, 16
7, 10, 16
8, 10, 16
9, 10, 16
14, 10, 16
15, 10, 16
33, 10, 16
34, 10, 16
35, 10, 16
42, 10, 16
43, 10, 16
44, 10, 16
5, 10, 17
6, 10, 17
8, 10, 17
9, 10, 17
10, 10, 17
14, 10, 17
15, 10, 17
33, 10, 17
34, 10, 17
38, 10, 17
42, 10, 17
43, 10, 17
44, 10, 17
5, 10, 18
6, 10, 18
9, 10, 18
10, 10, 18
14, 10, 18
15, 10, 18
33, 10, 18
34, 10, 18
38, 10, 18
43, 10, 18
44, 10, 18
5, 10, 19
9, 10, 19
10, 10, 19
14, 10, 19
15, 10, 19
33, 10, 19
34, 10, 19
38, 10, 19
43, 10, 19
44, 10, 19
5, 10, 20
9, 10, 20
10, 10, 20
11, 10, 20
15, 10, 20
33, 10, 20
38, 10, 20
39, 10, 20
43, 10, 20
44, 10, 20
5, 10, 21
9, 10, 21
12, 10, 21
15, 10, 21
33, 10, 21
37, 10, 21
38, 10, 21
40, 10, 21
43, 10, 21
44, 10, 21
5, 10, 22
8, 10, 22
12, 10, 22
15, 10, 22
16, 10, 22
33, 10, 22
37, 10, 22
40, 10, 22
44, 10, 22
45, 10, 22
5, 10, 23
9, 10, 23
12, 10, 23
15, 10, 23
16, 10, 23
33, 10, 23
34, 10, 23
37, 10, 23
40, 10, 23
44, 10, 23
45, 10, 23
5, 10, 24
6, 10, 24
10, 10, 24
11, 10, 24
16, 10, 24
33, 10, 24
34, 10, 24
38, 10, 24
39, 10, 24
40, 10, 24
44, 10, 24
45, 10, 24
5, 10, 25
6, 10, 25
10, 10, 25
11, 10, 25
16, 10, 25
33, 10, 25
34, 10, 25
39, 10, 25
40, 10, 25
44, 10, 25
45, 10, 25
5, 10, 26
6, 10, 26
7, 10, 26
9, 10, 26
10, 10, 26
11, 10, 26
16, 10, 26
33, 10, 26
34, 10, 26
38, 10, 26
39, 10, 26
40, 10, 26
44, 10, 26
45, 10, 26
5, 10, 27
6, 10, 27
7, 10, 27
8, 10, 27
9, 10, 27
10, 10, 27
11, 10, 27
12, 10, 27
16, 10, 27
33, 10, 27
34, 10, 27
35, 10, 27
36, 10, 27
37, 10, 27
38, 10, 27
39, 10, 27
40, 10, 27
44, 10, 27
45, 10, 27
5, 10, 28
6, 10, 28
7, 10, 28
8, 10, 28
9, 10, 28
10, 10, 28
11, 10, 28
12, 10, 28
16, 10, 28
34, 10, 28
35, 10, 28
38, 10, 28
39, 10, 28
40, 10, 28
44, 10, 28
45, 10, 28
5, 10, 29
6, 10, 29
7, 10, 29
8, 10, 29
9, 10, 29
10, 10, 29
11, 10, 29
12, 10, 29
15, 10, 29
16, 10, 29
34, 10, 29
35, 10, 29
36, 10, 29
37, 10, 29
38, 10, 29
39, 10, 29
40, 10, 29
44, 10, 29
45, 10, 29
6, 10, 30
7, 10, 30
8, 10, 30
9, 10, 30
10, 10, 30
11, 10, 30
12, 10, 30
15, 10, 30
16, 10, 30
34, 10, 30
35, 10, 30
36, 10, 30
37, 10, 30
38, 10, 30
39, 10, 30
40, 10, 30
44, 10, 30
6, 10, 31
7, 10, 31
8, 10, 31
9, 10, 31
10, 10, 31
11, 10, 31
12, 10, 31
15, 10, 31
34, 10, 31
35, 10, 31
36, 10, 31
37, 10, 31
38, 10, 31
39, 10, 31
40, 10, 31
43, 10, 31
44, 10, 31
6, 10, 32
7, 10, 32
8, 10, 32
9, 10, 32
10, 10, 32
11, 10, 32
12, 10, 32
13, 10, 32
14, 10, 32
15, 10, 32
34, 10, 32
35, 10, 32
36, 10, 32
37, 10, 32
38, 10, 32
39, 10, 32
40, 10, 32
43, 10, 32
44, 10, 32
6, 10, 33
7, 10, 33
8, 10, 33
9, 10, 33
10, 10, 33
11, 10, 33
12, 10, 33
13, 10, 33
14, 10, 33
15, 10, 33
35, 10, 33
36, 10, 33
37, 10, 33
38, 10, 33
39, 10, 33
40, 10, 33
42, 10, 33
43, 10, 33
8, 10, 34
9, 10, 34
10, 10, 34
12, 10, 34
13, 10, 34
14, 10, 34
35, 10, 34
36, 10, 34
37, 10, 34
38, 10, 34
39, 10, 34
40, 10, 34
42, 10, 34
8, 10, 35
9, 10, 35
12, 10, 35
13, 10, 35
36, 10, 35
37, 10, 35
38, 10, 35
40, 10, 35
41, 10, 35
42, 10, 35
12, 10, 36
40, 10, 36
41, 10, 36
11, 11, 12
12, 11, 12
39, 11, 12
40, 11, 12
11, 11, 13
12, 11, 13
39, 11, 13
40, 11, 13
41, 11, 13
10, 11, 14
11, 11, 14
12, 11, 14
13, 11, 14
39, 11, 14
40, 11, 14
41, 11, 14
10, 11, 15
11, 11, 15
12, 11, 15
38, 11, 15
40, 11, 15
41, 11, 15
42, 11, 15
10, 11, 16
11, 11, 16
12, 11, 16
13, 11, 16
36, 11, 16
37, 11, 16
38, 11, 16
40, 11, 16
41, 11, 16
7, 11, 17
11, 11, 17
13, 11, 17
35, 11, 17
36, 11, 17
37, 11, 17
39, 11, 17
41, 11, 17
7, 11, 18
8, 11, 18
11, 11, 18
13, 11, 18
35, 11, 18
36, 11, 18
37, 11, 18
39, 11, 18
41, 11, 18
42, 11, 18
6, 11, 19
7, 11, 19
8, 11, 19
11, 11, 19
13, 11, 19
35, 11, 19
36, 11, 19
37, 11, 19
39, 11, 19
42, 11, 19
6, 11, 20
7, 11, 20
8, 11, 20
11, 11, 20
13, 11, 20
14, 11, 20
34, 11, 20
35, 11, 20
36, 11, 20
37, 11, 20
39, 11, 20
42, 11, 20
6, 11, 21
7, 11, 21
8, 11, 21
12, 11, 21
14, 11, 21
34, 11, 21
35, 11, 21
36, 11, 21
40, 11, 21
42, 11, 21
6, 11, 22
7, 11, 22
8, 11, 22
12, 11, 22
14, 11, 22
34, 11, 22
35, 11, 22
36, 11, 22
40, 11, 22
43, 11, 22
6, 11, 23
7, 11, 23
8, 11, 23
11, 11, 23
14, 11, 23
35, 11, 23
36, 11, 23
37, 11, 23
40, 11, 23
43, 11, 23
7, 11, 24
8, 11, 24
9, 11, 24
12, 11, 24
14, 11, 24
15, 11, 24
35, 11, 24
36, 11, 24
37, 11, 24
41, 11, 24
43, 11, 24
7, 11, 25
8, 11, 25
9, 11, 25
12, 11, 25
14, 11, 25
15, 11, 25
35, 11, 25
36, 11, 25
37, 11, 25
38, 11, 25
41, 11, 25
43, 11, 25
8, 11, 26
12, 11, 26
15, 11, 26
35, 11, 26
36, 11, 26
37, 11, 26
41, 11, 26
43, 11, 26
13, 11, 27
15, 11, 27
41, 11, 27
43, 11, 27
13, 11, 28
15, 11, 28
36, 11, 28
37, 11, 28
41, 11, 28
43, 11, 28
13, 11, 29
14, 11, 29
41, 11, 29
43, 11, 29
13, 11, 30
14, 11, 30
41, 11, 30
42, 11, 30
43, 11, 30
13, 11, 31
14, 11, 31
41, 11, 31
42, 11, 31
41, 11, 32
42, 11, 32
41, 11, 33
41, 11, 34
38, 12, 15
39, 12, 15
38, 12, 16
39, 12, 16
12, 12, 17
40, 12, 17
12, 12, 18
40, 12, 18
12, 12, 19
40, 12, 19
41, 12, 19
12, 12, 20
40, 12, 20
41, 12, 20
12, 12, 21
13, 12, 21
40, 12, 21
41, 12, 21
12, 12, 22
13, 12, 22
40, 12, 22
42, 12, 22
12, 12, 23
13, 12, 23
40, 12, 23
42, 12, 23
12, 12, 24
13, 12, 24
40, 12, 24
42, 12, 24
12, 12, 25
13, 12, 25
41, 12, 25
42, 12, 25
12, 12, 26
14, 12, 26
41, 12, 26
42, 12, 26
13, 12, 27
14, 12, 27
41, 12, 27
42, 12, 27
13, 12, 28
14, 12, 28
41, 12, 28
42, 12, 28
13, 12, 29
41, 12, 29
42, 12, 29
12, 13, 22
40, 13, 22
41, 13, 22
12, 13, 23
13, 13, 23
40, 13, 23
41, 13, 23
12, 13, 24
13, 13, 24
40, 13, 24
41, 13, 24
12, 13, 25
13, 13, 25
41, 13, 25
42, 13, 25
13, 13, 26
41, 13, 26
42, 13, 26