6, 0, 1
7, 0, 1
8, 0, 1
9, 0, 1
10, 0, 1
11, 0, 1
36, 0, 1
37, 0, 1
38, 0, 1
39, 0, 1
40, 0, 1
6, 0, 2
7, 0, 2
8, 0, 2
9, 0, 2
10, 0, 2
11, 0, 2
36, 0, 2
37, 0, 2
38, 0, 2
39, 0, 2
40, 0, 2
6, 0, 3
7, 0, 3
8, 0, 3
9, 0, 3
10, 0, 3
11, 0, 3
36, 0, 3
37, 0, 3
38, 0, 3
39, 0, 3
40, 0, 3
6, 0, 18
7, 0, 18
8, 0, 18
9, 0, 18
10, 0, 18
11, 0, 18
36, 0, 18
37, 0, 18
38, 0, 18
39, 0, 18
40, 0, 18
6, 0, 19
7, 0, 19
8, 0, 19
9, 0, 19
10, 0, 19
11, 0, 19
36, 0, 19
37, 0, 19
38, 0, 19
39, 0, 19
40, 0, 19
6, 0, 20
7, 0, 20
8, 0, 20
9, 0, 20
10, 0, 20
11, 0, 20
36, 0, 20
37, 0, 20
38, 0, 20
39, 0, 20
40, 0, 20
5, 1, 1
6, 1, 1
7, 1, 1
8, 1, 1
9, 1, 1
10, 1, 1
11, 1, 1
12, 1, 1
35, 1, 1
36, 1, 1
37, 1, 1
38, 1, 1
39, 1, 1
40, 1, 1
41, 1, 1
5, 1, 2
6, 1, 2
7, 1, 2
8, 1, 2
9, 1, 2
10, 1, 2
11, 1, 2
12, 1, 2
35, 1, 2
36, 1, 2
37, 1, 2
38, 1, 2
39, 1, 2
40, 1, 2
41, 1, 2
5, 1, 3
6, 1, 3
7, 1, 3
8, 1, 3
9, 1, 3
10, 1, 3
11, 1, 3
12, 1, 3
35, 1, 3
36, 1, 3
37, 1, 3
38, 1, 3
39, 1, 3
40, 1, 3
41, 1, 3
5, 1, 18
6, 1, 18
7, 1, 18
8, 1, 18
9, 1, 18
10, 1, 18
11, 1, 18
12, 1, 18
35, 1, 18
36, 1, 18
37, 1, 18
38, 1, 18
39, 1, 18
40, 1, 18
41, 1, 18
5, 1, 19
6, 1, 19
7, 1, 19
8, 1, 19
9, 1, 19
10, 1, 19
11, 1, 19
12, 1, 19
35, 1, 19
36, 1, 19
37, 1, 19
38, 1, 19
39, 1, 19
40, 1, 19
41, 1, 19
5, 1, 20
6, 1, 20
7, 1, 20
8, 1, 20
9, 1, 20
10, 1, 20
11, 1, 20
12, 1, 20
35, 1, 20
36, 1, 20
37, 1, 20
38, 1, 20
39, 1, 20
40, 1, 20
41, 1, 20
33, 2, 0
34, 2, 0
5, 2, 1
6, 2, 1
7, 2, 1
8, 2, 1
9, 2, 1
10, 2, 1
11, 2, 1
12, 2, 1
13, 2, 1
14, 2, 1
15, 2, 1
16, 2, 1
17, 2, 1
18, 2, 1
19, 2, 1
20, 2, 1
21, 2, 1
22, 2, 1
23, 2, 1
24, 2, 1
25, 2, 1
26, 2, 1
27, 2, 1
28, 2, 1
29, 2, 1
30, 2, 1
31, 2, 1
32, 2, 1
33, 2, 1
34, 2, 1
35, 2, 1
36, 2, 1
37, 2, 1
38, 2, 1
39, 2, 1
40, 2, 1
41, 2, 1
42, 2, 1
5, 2, 2
6, 2, 2
7, 2, 2
8, 2, 2
9, 2, 2
10, 2, 2
11, 2, 2
12, 2, 2
13, 2, 2
14, 2, 2
15, 2, 2
16, 2, 2
17, 2, 2
18, 2, 2
19, 2, 2
20, 2, 2
21, 2, 2
22, 2, 2
23, 2, 2
24, 2, 2
25, 2, 2
26, 2, 2
27, 2, 2
28, 2, 2
29, 2, 2
30, 2, 2
31, 2, 2
32, 2, 2
33, 2, 2
34, 2, 2
35, 2, 2
36, 2, 2
37, 2, 2
38, 2, 2
39, 2, 2
40, 2, 2
41, 2, 2
42, 2, 2
5, 2, 3
6, 2, 3
7, 2, 3
8, 2, 3
9, 2, 3
10, 2, 3
11, 2, 3
12, 2, 3
13, 2, 3
14, 2, 3
15, 2, 3
16, 2, 3
17, 2, 3
18, 2, 3
19, 2, 3
20, 2, 3
21, 2, 3
22, 2, 3
23, 2, 3
24, 2, 3
25, 2, 3
26, 2, 3
27, 2, 3
28, 2, 3
29, 2, 3
30, 2, 3
31, 2, 3
32, 2, 3
33, 2, 3
34, 2, 3
35, 2, 3
36, 2, 3
37, 2, 3
39, 2, 3
40, 2, 3
41, 2, 3
42, 2, 3
7, 2, 4
8, 2, 4
9, 2, 4
10, 2, 4
11, 2, 4
12, 2, 4
13, 2, 4
14, 2, 4
15, 2, 4
16, 2, 4
17, 2, 4
18, 2, 4
19, 2, 4
20, 2, 4
21, 2, 4
22, 2, 4
23, 2, 4
24, 2, 4
25, 2, 4
26, 2, 4
27, 2, 4
28, 2, 4
29, 2, 4
30, 2, 4
31, 2, 4
32, 2, 4
33, 2, 4
34, 2, 4
35, 2, 4
36, 2, 4
7, 2, 5
8, 2, 5
9, 2, 5
10, 2, 5
11, 2, 5
12, 2, 5
13, 2, 5
14, 2, 5
15, 2, 5
16, 2, 5
17, 2, 5
18, 2, 5
19, 2, 5
20, 2, 5
21, 2, 5
22, 2, 5
23, 2, 5
24, 2, 5
25, 2, 5
26, 2, 5
27, 2, 5
28, 2, 5
29, 2, 5
30, 2, 5
31, 2, 5
32, 2, 5
33, 2, 5
34, 2, 5
35, 2, 5
36, 2, 5
7, 2, 6
8, 2, 6
9, 2, 6
10, 2, 6
11, 2, 6
12, 2, 6
13, 2, 6
14, 2, 6
15, 2, 6
16, 2, 6
17, 2, 6
18, 2, 6
19, 2, 6
20, 2, 6
21, 2, 6
22, 2, 6
23, 2, 6
24, 2, 6
25, 2, 6
26, 2, 6
27, 2, 6
28, 2, 6
29, 2, 6
30, 2, 6
31, 2, 6
32, 2, 6
33, 2, 6
34, 2, 6
35, 2, 6
36, 2, 6
42, 2, 6
43, 2, 6
44, 2, 6
45, 2, 6
46, 2, 6
7, 2, 7
8, 2, 7
9, 2, 7
10, 2, 7
11, 2, 7
12, 2, 7
13, 2, 7
14, 2, 7
15, 2, 7
16, 2, 7
17, 2, 7
18, 2, 7
19, 2, 7
20, 2, 7
21, 2, 7
22, 2, 7
23, 2, 7
24, 2, 7
25, 2, 7
26, 2, 7
27, 2, 7
28, 2, 7
29, 2, 7
30, 2, 7
31, 2, 7
32, 2, 7
33, 2, 7
34, 2, 7
35, 2, 7
36, 2, 7
37, 2, 7
38, 2, 7
39, 2, 7
40, 2, 7
41, 2, 7
42, 2, 7
43, 2, 7
44, 2, 7
45, 2, 7
46, 2, 7
7, 2, 8
8, 2, 8
9, 2, 8
10, 2, 8
11, 2, 8
12, 2, 8
13, 2, 8
14, 2, 8
15, 2, 8
16, 2, 8
17, 2, 8
18, 2, 8
19, 2, 8
20, 2, 8
21, 2, 8
22, 2, 8
23, 2, 8
24, 2, 8
25, 2, 8
26, 2, 8
27, 2, 8
28, 2, 8
29, 2, 8
30, 2, 8
31, 2, 8
32, 2, 8
33, 2, 8
34, 2, 8
35, 2, 8
36, 2, 8
37, 2, 8
42, 2, 8
43, 2, 8
44, 2, 8
45, 2, 8
46, 2, 8
7, 2, 9
8, 2, 9
9, 2, 9
10, 2, 9
11, 2, 9
12, 2, 9
13, 2, 9
14, 2, 9
15, 2, 9
16, 2, 9
17, 2, 9
18, 2, 9
19, 2, 9
20, 2, 9
21, 2, 9
22, 2, 9
23, 2, 9
24, 2, 9
25, 2, 9
26, 2, 9
27, 2, 9
28, 2, 9
29, 2, 9
30, 2, 9
31, 2, 9
32, 2, 9
33, 2, 9
34, 2, 9
35, 2, 9
36, 2, 9
38, 2, 9
39, 2, 9
7, 2, 10
8, 2, 10
9, 2, 10
10, 2, 10
11, 2, 10
12, 2, 10
13, 2, 10
14, 2, 10
15, 2, 10
16, 2, 10
17, 2, 10
18, 2, 10
19, 2, 10
20, 2, 10
21, 2, 10
22, 2, 10
23, 2, 10
24, 2, 10
25, 2, 10
26, 2, 10
27, 2, 10
28, 2, 10
29, 2, 10
30, 2, 10
31, 2, 10
32, 2, 10
33, 2, 10
34, 2, 10
35, 2, 10
36, 2, 10
37, 2, 10
38, 2, 10
39, 2, 10
7, 2, 11
8, 2, 11
9, 2, 11
10, 2, 11
11, 2, 11
12, 2, 11
13, 2, 11
14, 2, 11
15, 2, 11
16, 2, 11
17, 2, 11
18, 2, 11
19, 2, 11
20, 2, 11
21, 2, 11
22, 2, 11
23, 2, 11
24, 2, 11
25, 2, 11
26, 2, 11
27, 2, 11
28, 2, 11
29, 2, 11
30, 2, 11
31, 2, 11
32, 2, 11
33, 2, 11
34, 2, 11
35, 2, 11
36, 2, 11
37, 2, 11
38, 2, 11
39, 2, 11
7, 2, 12
8, 2, 12
9, 2, 12
10, 2, 12
11, 2, 12
12, 2, 12
13, 2, 12
14, 2, 12
15, 2, 12
16, 2, 12
17, 2, 12
18, 2, 12
19, 2, 12
20, 2, 12
21, 2, 12
22, 2, 12
23, 2, 12
24, 2, 12
25, 2, 12
26, 2, 12
27, 2, 12
28, 2, 12
29, 2, 12
30, 2, 12
31, 2, 12
32, 2, 12
33, 2, 12
34, 2, 12
35, 2, 12
36, 2, 12
38, 2, 12
39, 2, 12
7, 2, 13
8, 2, 13
9, 2, 13
10, 2, 13
11, 2, 13
12, 2, 13
13, 2, 13
14, 2, 13
15, 2, 13
16, 2, 13
17, 2, 13
18, 2, 13
19, 2, 13
20, 2, 13
21, 2, 13
22, 2, 13
23, 2, 13
24, 2, 13
25, 2, 13
26, 2, 13
27, 2, 13
28, 2, 13
29, 2, 13
30, 2, 13
31, 2, 13
32, 2, 13
33, 2, 13
34, 2, 13
35, 2, 13
36, 2, 13
37, 2, 13
38, 2, 13
39, 2, 13
40, 2, 13
41, 2, 13
42, 2, 13
43, 2, 13
44, 2, 13
45, 2, 13
46, 2, 13
7, 2, 14
8, 2, 14
9, 2, 14
10, 2, 14
11, 2, 14
12, 2, 14
13, 2, 14
14, 2, 14
15, 2, 14
16, 2, 14
17, 2, 14
18, 2, 14
19, 2, 14
20, 2, 14
21, 2, 14
22, 2, 14
23, 2, 14
24, 2, 14
25, 2, 14
26, 2, 14
27, 2, 14
28, 2, 14
29, 2, 14
30, 2, 14
31, 2, 14
32, 2, 14
33, 2, 14
34, 2, 14
35, 2, 14
36, 2, 14
37, 2, 14
38, 2, 14
39, 2, 14
40, 2, 14
41, 2, 14
42, 2, 14
43, 2, 14
44, 2, 14
45, 2, 14
46, 2, 14
7, 2, 15
8, 2, 15
9, 2, 15
10, 2, 15
11, 2, 15
12, 2, 15
13, 2, 15
14, 2, 15
15, 2, 15
16, 2, 15
17, 2, 15
18, 2, 15
19, 2, 15
20, 2, 15
21, 2, 15
22, 2, 15
23, 2, 15
24, 2, 15
25, 2, 15
26, 2, 15
27, 2, 15
28, 2, 15
29, 2, 15
30, 2, 15
31, 2, 15
32, 2, 15
33, 2, 15
34, 2, 15
35, 2, 15
36, 2, 15
42, 2, 15
43, 2, 15
44, 2, 15
45, 2, 15
7, 2, 16
8, 2, 16
9, 2, 16
10, 2, 16
11, 2, 16
12, 2, 16
13, 2, 16
14, 2, 16
15, 2, 16
16, 2, 16
17, 2, 16
18, 2, 16
19, 2, 16
20, 2, 16
21, 2, 16
22, 2, 16
23, 2, 16
24, 2, 16
25, 2, 16
26, 2, 16
27, 2, 16
28, 2, 16
29, 2, 16
30, 2, 16
31, 2, 16
32, 2, 16
33, 2, 16
34, 2, 16
35, 2, 16
36, 2, 16
7, 2, 17
8, 2, 17
9, 2, 17
10, 2, 17
11, 2, 17
12, 2, 17
13, 2, 17
14, 2, 17
15, 2, 17
16, 2, 17
17, 2, 17
18, 2, 17
19, 2, 17
20, 2, 17
21, 2, 17
22, 2, 17
23, 2, 17
24, 2, 17
25, 2, 17
26, 2, 17
27, 2, 17
28, 2, 17
29, 2, 17
30, 2, 17
31, 2, 17
32, 2, 17
33, 2, 17
34, 2, 17
35, 2, 17
36, 2, 17
5, 2, 18
6, 2, 18
7, 2, 18
8, 2, 18
9, 2, 18
10, 2, 18
11, 2, 18
12, 2, 18
13, 2, 18
14, 2, 18
15, 2, 18
16, 2, 18
17, 2, 18
18, 2, 18
19, 2, 18
20, 2, 18
21, 2, 18
22, 2, 18
23, 2, 18
24, 2, 18
25, 2, 18
26, 2, 18
27, 2, 18
28, 2, 18
29, 2, 18
30, 2, 18
31, 2, 18
32, 2, 18
33, 2, 18
34, 2, 18
35, 2, 18
36, 2, 18
37, 2, 18
39, 2, 18
40, 2, 18
41, 2, 18
42, 2, 18
5, 2, 19
6, 2, 19
7, 2, 19
8, 2, 19
9, 2, 19
10, 2, 19
11, 2, 19
12, 2, 19
13, 2, 19
14, 2, 19
15, 2, 19
16, 2, 19
17, 2, 19
18, 2, 19
19, 2, 19
20, 2, 19
21, 2, 19
22, 2, 19
23, 2, 19
24, 2, 19
25, 2, 19
26, 2, 19
27, 2, 19
28, 2, 19
29, 2, 19
30, 2, 19
31, 2, 19
32, 2, 19
33, 2, 19
34, 2, 19
35, 2, 19
36, 2, 19
37, 2, 19
38, 2, 19
39, 2, 19
40, 2, 19
41, 2, 19
42, 2, 19
5, 2, 20
6, 2, 20
7, 2, 20
8, 2, 20
9, 2, 20
10, 2, 20
11, 2, 20
12, 2, 20
13, 2, 20
14, 2, 20
15, 2, 20
16, 2, 20
17, 2, 20
18, 2, 20
19, 2, 20
20, 2, 20
21, 2, 20
22, 2, 20
23, 2, 20
24, 2, 20
25, 2, 20
26, 2, 20
27, 2, 20
28, 2, 20
29, 2, 20
30, 2, 20
31, 2, 20
32, 2, 20
33, 2, 20
34, 2, 20
35, 2, 20
36, 2, 20
37, 2, 20
38, 2, 20
39, 2, 20
40, 2, 20
41, 2, 20
42, 2, 20
33, 2, 21
34, 2, 21
32, 3, 0
33, 3, 0
34, 3, 0
2, 3, 1
3, 3, 1
4, 3, 1
5, 3, 1
6, 3, 1
7, 3, 1
8, 3, 1
9, 3, 1
10, 3, 1
11, 3, 1
12, 3, 1
13, 3, 1
14, 3, 1
15, 3, 1
16, 3, 1
17, 3, 1
18, 3, 1
19, 3, 1
20, 3, 1
21, 3, 1
22, 3, 1
23, 3, 1
24, 3, 1
25, 3, 1
26, 3, 1
27, 3, 1
28, 3, 1
29, 3, 1
30, 3, 1
31, 3, 1
32, 3, 1
33, 3, 1
34, 3, 1
35, 3, 1
36, 3, 1
37, 3, 1
38, 3, 1
39, 3, 1
40, 3, 1
41, 3, 1
42, 3, 1
43, 3, 1
44, 3, 1
2, 3, 2
3, 3, 2
4, 3, 2
5, 3, 2
6, 3, 2
7, 3, 2
8, 3, 2
9, 3, 2
10, 3, 2
11, 3, 2
12, 3, 2
13, 3, 2
14, 3, 2
15, 3, 2
16, 3, 2
17, 3, 2
18, 3, 2
19, 3, 2
20, 3, 2
21, 3, 2
22, 3, 2
23, 3, 2
24, 3, 2
25, 3, 2
26, 3, 2
27, 3, 2
28, 3, 2
29, 3, 2
30, 3, 2
31, 3, 2
32, 3, 2
33, 3, 2
34, 3, 2
35, 3, 2
36, 3, 2
37, 3, 2
38, 3, 2
39, 3, 2
40, 3, 2
41, 3, 2
42, 3, 2
43, 3, 2
44, 3, 2
45, 3, 2
46, 3, 2
2, 3, 3
3, 3, 3
4, 3, 3
5, 3, 3
6, 3, 3
7, 3, 3
8, 3, 3
9, 3, 3
10, 3, 3
11, 3, 3
12, 3, 3
13, 3, 3
14, 3, 3
15, 3, 3
16, 3, 3
17, 3, 3
18, 3, 3
19, 3, 3
20, 3, 3
21, 3, 3
22, 3, 3
23, 3, 3
24, 3, 3
25, 3, 3
26, 3, 3
27, 3, 3
28, 3, 3
29, 3, 3
30, 3, 3
31, 3, 3
32, 3, 3
33, 3, 3
34, 3, 3
35, 3, 3
36, 3, 3
37, 3, 3
40, 3, 3
41, 3, 3
42, 3, 3
43, 3, 3
44, 3, 3
0, 3, 4
1, 3, 4
2, 3, 4
3, 3, 4
4, 3, 4
5, 3, 4
6, 3, 4
7, 3, 4
8, 3, 4
9, 3, 4
10, 3, 4
11, 3, 4
12, 3, 4
13, 3, 4
14, 3, 4
15, 3, 4
16, 3, 4
17, 3, 4
18, 3, 4
19, 3, 4
20, 3, 4
21, 3, 4
22, 3, 4
23, 3, 4
24, 3, 4
25, 3, 4
26, 3, 4
27, 3, 4
28, 3, 4
29, 3, 4
30, 3, 4
31, 3, 4
32, 3, 4
33, 3, 4
34, 3, 4
35, 3, 4
36, 3, 4
37, 3, 4
38, 3, 4
39, 3, 4
40, 3, 4
41, 3, 4
42, 3, 4
43, 3, 4
44, 3, 4
0, 3, 5
1, 3, 5
2, 3, 5
3, 3, 5
4, 3, 5
5, 3, 5
6, 3, 5
7, 3, 5
8, 3, 5
9, 3, 5
10, 3, 5
11, 3, 5
12, 3, 5
13, 3, 5
14, 3, 5
15, 3, 5
16, 3, 5
17, 3, 5
18, 3, 5
19, 3, 5
20, 3, 5
21, 3, 5
22, 3, 5
23, 3, 5
24, 3, 5
25, 3, 5
26, 3, 5
27, 3, 5
28, 3, 5
29, 3, 5
30, 3, 5
31, 3, 5
32, 3, 5
33, 3, 5
34, 3, 5
35, 3, 5
36, 3, 5
37, 3, 5
38, 3, 5
39, 3, 5
40, 3, 5
41, 3, 5
42, 3, 5
43, 3, 5
44, 3, 5
1, 3, 6
2, 3, 6
3, 3, 6
4, 3, 6
5, 3, 6
6, 3, 6
7, 3, 6
8, 3, 6
9, 3, 6
10, 3, 6
11, 3, 6
12, 3, 6
13, 3, 6
14, 3, 6
15, 3, 6
16, 3, 6
17, 3, 6
18, 3, 6
19, 3, 6
20, 3, 6
21, 3, 6
22, 3, 6
23, 3, 6
24, 3, 6
25, 3, 6
26, 3, 6
27, 3, 6
28, 3, 6
29, 3, 6
30, 3, 6
31, 3, 6
32, 3, 6
33, 3, 6
34, 3, 6
35, 3, 6
36, 3, 6
37, 3, 6
38, 3, 6
39, 3, 6
40, 3, 6
41, 3, 6
42, 3, 6
43, 3, 6
44, 3, 6
45, 3, 6
46, 3, 6
47, 3, 6
48, 3, 6
1, 3, 7
2, 3, 7
3, 3, 7
4, 3, 7
5, 3, 7
6, 3, 7
7, 3, 7
8, 3, 7
9, 3, 7
10, 3, 7
11, 3, 7
12, 3, 7
13, 3, 7
14, 3, 7
15, 3, 7
16, 3, 7
17, 3, 7
18, 3, 7
19, 3, 7
20, 3, 7
21, 3, 7
22, 3, 7
23, 3, 7
24, 3, 7
25, 3, 7
26, 3, 7
27, 3, 7
28, 3, 7
29, 3, 7
30, 3, 7
31, 3, 7
32, 3, 7
33, 3, 7
34, 3, 7
35, 3, 7
36, 3, 7
37, 3, 7
38, 3, 7
39, 3, 7
40, 3, 7
41, 3, 7
42, 3, 7
43, 3, 7
44, 3, 7
45, 3, 7
46, 3, 7
47, 3, 7
48, 3, 7
1, 3, 8
2, 3, 8
3, 3, 8
4, 3, 8
5, 3, 8
6, 3, 8
7, 3, 8
8, 3, 8
9, 3, 8
10, 3, 8
11, 3, 8
12, 3, 8
13, 3, 8
14, 3, 8
15, 3, 8
16, 3, 8
17, 3, 8
18, 3, 8
19, 3, 8
20, 3, 8
21, 3, 8
22, 3, 8
23, 3, 8
24, 3, 8
25, 3, 8
26, 3, 8
27, 3, 8
28, 3, 8
29, 3, 8
30, 3, 8
31, 3, 8
32, 3, 8
33, 3, 8
34, 3, 8
35, 3, 8
36, 3, 8
37, 3, 8
38, 3, 8
39, 3, 8
40, 3, 8
41, 3, 8
42, 3, 8
43, 3, 8
44, 3, 8
45, 3, 8
46, 3, 8
47, 3, 8
48, 3, 8
1, 3, 9
2, 3, 9
3, 3, 9
4, 3, 9
5, 3, 9
6, 3, 9
7, 3, 9
8, 3, 9
9, 3, 9
10, 3, 9
11, 3, 9
12, 3, 9
13, 3, 9
14, 3, 9
15, 3, 9
16, 3, 9
17, 3, 9
18, 3, 9
19, 3, 9
20, 3, 9
21, 3, 9
22, 3, 9
23, 3, 9
24, 3, 9
25, 3, 9
26, 3, 9
27, 3, 9
28, 3, 9
29, 3, 9
30, 3, 9
31, 3, 9
32, 3, 9
33, 3, 9
34, 3, 9
35, 3, 9
36, 3, 9
37, 3, 9
38, 3, 9
39, 3, 9
40, 3, 9
41, 3, 9
42, 3, 9
43, 3, 9
44, 3, 9
1, 3, 10
2, 3, 10
3, 3, 10
4, 3, 10
5, 3, 10
6, 3, 10
7, 3, 10
8, 3, 10
9, 3, 10
10, 3, 10
11, 3, 10
12, 3, 10
13, 3, 10
14, 3, 10
15, 3, 10
16, 3, 10
17, 3, 10
18, 3, 10
19, 3, 10
20, 3, 10
21, 3, 10
22, 3, 10
23, 3, 10
24, 3, 10
25, 3, 10
26, 3, 10
27, 3, 10
28, 3, 10
29, 3, 10
30, 3, 10
31, 3, 10
32, 3, 10
33, 3, 10
34, 3, 10
35, 3, 10
36, 3, 10
37, 3, 10
38, 3, 10
39, 3, 10
40, 3, 10
41, 3, 10
42, 3, 10
43, 3, 10
44, 3, 10
1, 3, 11
2, 3, 11
3, 3, 11
4, 3, 11
5, 3, 11
6, 3, 11
7, 3, 11
8, 3, 11
9, 3, 11
10, 3, 11
11, 3, 11
12, 3, 11
13, 3, 11
14, 3, 11
15, 3, 11
16, 3, 11
17, 3, 11
18, 3, 11
19, 3, 11
20, 3, 11
21, 3, 11
22, 3, 11
23, 3, 11
24, 3, 11
25, 3, 11
26, 3, 11
27, 3, 11
28, 3, 11
29, 3, 11
30, 3, 11
31, 3, 11
32, 3, 11
33, 3, 11
34, 3, 11
35, 3, 11
36, 3, 11
37, 3, 11
38, 3, 11
39, 3, 11
40, 3, 11
41, 3, 11
42, 3, 11
43, 3, 11
44, 3, 11
1, 3, 12
2, 3, 12
3, 3, 12
4, 3, 12
5, 3, 12
6, 3, 12
7, 3, 12
8, 3, 12
9, 3, 12
10, 3, 12
11, 3, 12
12, 3, 12
13, 3, 12
14, 3, 12
15, 3, 12
16, 3, 12
17, 3, 12
18, 3, 12
19, 3, 12
20, 3, 12
21, 3, 12
22, 3, 12
23, 3, 12
24, 3, 12
25, 3, 12
26, 3, 12
27, 3, 12
28, 3, 12
29, 3, 12
30, 3, 12
31, 3, 12
32, 3, 12
33, 3, 12
34, 3, 12
35, 3, 12
36, 3, 12
37, 3, 12
38, 3, 12
39, 3, 12
40, 3, 12
41, 3, 12
42, 3, 12
43, 3, 12
44, 3, 12
1, 3, 13
2, 3, 13
3, 3, 13
4, 3, 13
5, 3, 13
6, 3, 13
7, 3, 13
8, 3, 13
9, 3, 13
10, 3, 13
11, 3, 13
12, 3, 13
13, 3, 13
14, 3, 13
15, 3, 13
16, 3, 13
17, 3, 13
18, 3, 13
19, 3, 13
20, 3, 13
21, 3, 13
22, 3, 13
23, 3, 13
24, 3, 13
25, 3, 13
26, 3, 13
27, 3, 13
28, 3, 13
29, 3, 13
30, 3, 13
31, 3, 13
32, 3, 13
33, 3, 13
34, 3, 13
35, 3, 13
36, 3, 13
37, 3, 13
38, 3, 13
39, 3, 13
40, 3, 13
41, 3, 13
42, 3, 13
43, 3, 13
44, 3, 13
45, 3, 13
46, 3, 13
47, 3, 13
48, 3, 13
1, 3, 14
2, 3, 14
3, 3, 14
4, 3, 14
5, 3, 14
6, 3, 14
7, 3, 14
8, 3, 14
9, 3, 14
10, 3, 14
11, 3, 14
12, 3, 14
13, 3, 14
14, 3, 14
15, 3, 14
16, 3, 14
17, 3, 14
18, 3, 14
19, 3, 14
20, 3, 14
21, 3, 14
22, 3, 14
23, 3, 14
24, 3, 14
25, 3, 14
26, 3, 14
27, 3, 14
28, 3, 14
29, 3, 14
30, 3, 14
31, 3, 14
32, 3, 14
33, 3, 14
34, 3, 14
35, 3, 14
36, 3, 14
37, 3, 14
38, 3, 14
39, 3, 14
40, 3, 14
41, 3, 14
42, 3, 14
43, 3, 14
44, 3, 14
45, 3, 14
46, 3, 14
47, 3, 14
48, 3, 14
1, 3, 15
2, 3, 15
3, 3, 15
4, 3, 15
5, 3, 15
6, 3, 15
7, 3, 15
8, 3, 15
9, 3, 15
10, 3, 15
11, 3, 15
12, 3, 15
13, 3, 15
14, 3, 15
15, 3, 15
16, 3, 15
17, 3, 15
18, 3, 15
19, 3, 15
20, 3, 15
21, 3, 15
22, 3, 15
23, 3, 15
24, 3, 15
25, 3, 15
26, 3, 15
27, 3, 15
28, 3, 15
29, 3, 15
30, 3, 15
31, 3, 15
32, 3, 15
33, 3, 15
34, 3, 15
35, 3, 15
36, 3, 15
37, 3, 15
38, 3, 15
39, 3, 15
40, 3, 15
41, 3, 15
42, 3, 15
43, 3, 15
44, 3, 15
45, 3, 15
46, 3, 15
0, 3, 16
1, 3, 16
2, 3, 16
3, 3, 16
4, 3, 16
5, 3, 16
6, 3, 16
7, 3, 16
8, 3, 16
9, 3, 16
10, 3, 16
11, 3, 16
12, 3, 16
13, 3, 16
14, 3, 16
15, 3, 16
16, 3, 16
17, 3, 16
18, 3, 16
19, 3, 16
20, 3, 16
21, 3, 16
22, 3, 16
23, 3, 16
24, 3, 16
25, 3, 16
26, 3, 16
27, 3, 16
28, 3, 16
29, 3, 16
30, 3, 16
31, 3, 16
32, 3, 16
33, 3, 16
34, 3, 16
35, 3, 16
36, 3, 16
37, 3, 16
38, 3, 16
39, 3, 16
40, 3, 16
41, 3, 16
42, 3, 16
43, 3, 16
44, 3, 16
0, 3, 17
1, 3, 17
2, 3, 17
3, 3, 17
4, 3, 17
5, 3, 17
6, 3, 17
7, 3, 17
8, 3, 17
9, 3, 17
10, 3, 17
11, 3, 17
12, 3, 17
13, 3, 17
14, 3, 17
15, 3, 17
16, 3, 17
17, 3, 17
18, 3, 17
19, 3, 17
20, 3, 17
21, 3, 17
22, 3, 17
23, 3, 17
24, 3, 17
25, 3, 17
26, 3, 17
27, 3, 17
28, 3, 17
29, 3, 17
30, 3, 17
31, 3, 17
32, 3, 17
33, 3, 17
34, 3, 17
35, 3, 17
36, 3, 17
37, 3, 17
38, 3, 17
39, 3, 17
40, 3, 17
41, 3, 17
42, 3, 17
43, 3, 17
44, 3, 17
2, 3, 18
3, 3, 18
4, 3, 18
5, 3, 18
6, 3, 18
7, 3, 18
8, 3, 18
9, 3, 18
10, 3, 18
11, 3, 18
12, 3, 18
13, 3, 18
14, 3, 18
15, 3, 18
16, 3, 18
17, 3, 18
18, 3, 18
19, 3, 18
20, 3, 18
21, 3, 18
22, 3, 18
23, 3, 18
24, 3, 18
25, 3, 18
26, 3, 18
27, 3, 18
28, 3, 18
29, 3, 18
30, 3, 18
31, 3, 18
32, 3, 18
33, 3, 18
34, 3, 18
35, 3, 18
36, 3, 18
37, 3, 18
40, 3, 18
41, 3, 18
42, 3, 18
43, 3, 18
44, 3, 18
2, 3, 19
3, 3, 19
4, 3, 19
5, 3, 19
6, 3, 19
7, 3, 19
8, 3, 19
9, 3, 19
10, 3, 19
11, 3, 19
12, 3, 19
13, 3, 19
14, 3, 19
15, 3, 19
16, 3, 19
17, 3, 19
18, 3, 19
19, 3, 19
20, 3, 19
21, 3, 19
22, 3, 19
23, 3, 19
24, 3, 19
25, 3, 19
26, 3, 19
27, 3, 19
28, 3, 19
29, 3, 19
30, 3, 19
31, 3, 19
32, 3, 19
33, 3, 19
34, 3, 19
35, 3, 19
36, 3, 19
37, 3, 19
38, 3, 19
39, 3, 19
40, 3, 19
41, 3, 19
42, 3, 19
43, 3, 19
44, 3, 19
45, 3, 19
46, 3, 19
2, 3, 20
3, 3, 20
4, 3, 20
5, 3, 20
6, 3, 20
7, 3, 20
8, 3, 20
9, 3, 20
10, 3, 20
11, 3, 20
12, 3, 20
13, 3, 20
14, 3, 20
15, 3, 20
16, 3, 20
17, 3, 20
18, 3, 20
19, 3, 20
20, 3, 20
21, 3, 20
22, 3, 20
23, 3, 20
24, 3, 20
25, 3, 20
26, 3, 20
27, 3, 20
28, 3, 20
29, 3, 20
30, 3, 20
31, 3, 20
32, 3, 20
33, 3, 20
34, 3, 20
35, 3, 20
36, 3, 20
37, 3, 20
38, 3, 20
39, 3, 20
40, 3, 20
41, 3, 20
42, 3, 20
43, 3, 20
44, 3, 20
32, 3, 21
33, 3, 21
34, 3, 21
3, 4, 0
4, 4, 0
13, 4, 0
14, 4, 0
15, 4, 0
16, 4, 0
17, 4, 0
32, 4, 0
33, 4, 0
34, 4, 0
0, 4, 1
1, 4, 1
2, 4, 1
3, 4, 1
4, 4, 1
5, 4, 1
6, 4, 1
7, 4, 1
8, 4, 1
9, 4, 1
10, 4, 1
11, 4, 1
12, 4, 1
13, 4, 1
14, 4, 1
15, 4, 1
16, 4, 1
17, 4, 1
18, 4, 1
19, 4, 1
20, 4, 1
21, 4, 1
22, 4, 1
23, 4, 1
24, 4, 1
25, 4, 1
26, 4, 1
27, 4, 1
28, 4, 1
29, 4, 1
30, 4, 1
31, 4, 1
32, 4, 1
33, 4, 1
34, 4, 1
35, 4, 1
36, 4, 1
37, 4, 1
38, 4, 1
39, 4, 1
40, 4, 1
41, 4, 1
42, 4, 1
43, 4, 1
44, 4, 1
45, 4, 1
46, 4, 1
47, 4, 1
48, 4, 1
0, 4, 2
1, 4, 2
2, 4, 2
3, 4, 2
4, 4, 2
5, 4, 2
6, 4, 2
7, 4, 2
8, 4, 2
9, 4, 2
10, 4, 2
11, 4, 2
12, 4, 2
13, 4, 2
14, 4, 2
15, 4, 2
16, 4, 2
17, 4, 2
18, 4, 2
19, 4, 2
20, 4, 2
21, 4, 2
22, 4, 2
23, 4, 2
24, 4, 2
25, 4, 2
26, 4, 2
27, 4, 2
28, 4, 2
29, 4, 2
30, 4, 2
31, 4, 2
32, 4, 2
33, 4, 2
34, 4, 2
35, 4, 2
36, 4, 2
37, 4, 2
38, 4, 2
39, 4, 2
40, 4, 2
41, 4, 2
42, 4, 2
43, 4, 2
44, 4, 2
45, 4, 2
46, 4, 2
47, 4, 2
48, 4, 2
49, 4, 2
0, 4, 3
1, 4, 3
2, 4, 3
3, 4, 3
4, 4, 3
5, 4, 3
6, 4, 3
7, 4, 3
8, 4, 3
9, 4, 3
10, 4, 3
11, 4, 3
12, 4, 3
13, 4, 3
14, 4, 3
15, 4, 3
16, 4, 3
17, 4, 3
18, 4, 3
19, 4, 3
20, 4, 3
21, 4, 3
22, 4, 3
23, 4, 3
24, 4, 3
25, 4, 3
26, 4, 3
27, 4, 3
28, 4, 3
29, 4, 3
30, 4, 3
31, 4, 3
32, 4, 3
33, 4, 3
34, 4, 3
35, 4, 3
36, 4, 3
37, 4, 3
41, 4, 3
42, 4, 3
43, 4, 3
44, 4, 3
45, 4, 3
46, 4, 3
47, 4, 3
48, 4, 3
49, 4, 3
0, 4, 4
1, 4, 4
2, 4, 4
3, 4, 4
4, 4, 4
5, 4, 4
6, 4, 4
7, 4, 4
8, 4, 4
9, 4, 4
10, 4, 4
11, 4, 4
12, 4, 4
13, 4, 4
14, 4, 4
15, 4, 4
16, 4, 4
17, 4, 4
18, 4, 4
19, 4, 4
20, 4, 4
21, 4, 4
22, 4, 4
23, 4, 4
24, 4, 4
25, 4, 4
26, 4, 4
27, 4, 4
28, 4, 4
29, 4, 4
30, 4, 4
31, 4, 4
32, 4, 4
33, 4, 4
34, 4, 4
35, 4, 4
36, 4, 4
37, 4, 4
38, 4, 4
39, 4, 4
40, 4, 4
41, 4, 4
42, 4, 4
43, 4, 4
44, 4, 4
45, 4, 4
46, 4, 4
47, 4, 4
48, 4, 4
49, 4, 4
0, 4, 5
1, 4, 5
2, 4, 5
3, 4, 5
4, 4, 5
5, 4, 5
6, 4, 5
7, 4, 5
8, 4, 5
9, 4, 5
10, 4, 5
11, 4, 5
12, 4, 5
13, 4, 5
14, 4, 5
15, 4, 5
16, 4, 5
17, 4, 5
18, 4, 5
19, 4, 5
20, 4, 5
21, 4, 5
22, 4, 5
23, 4, 5
24, 4, 5
25, 4, 5
26, 4, 5
27, 4, 5
28, 4, 5
29, 4, 5
30, 4, 5
31, 4, 5
32, 4, 5
33, 4, 5
34, 4, 5
35, 4, 5
36, 4, 5
37, 4, 5
38, 4, 5
39, 4, 5
40, 4, 5
41, 4, 5
42, 4, 5
43, 4, 5
44, 4, 5
45, 4, 5
48, 4, 5
49, 4, 5
0, 4, 6
1, 4, 6
2, 4, 6
3, 4, 6
4, 4, 6
5, 4, 6
6, 4, 6
7, 4, 6
8, 4, 6
9, 4, 6
10, 4, 6
11, 4, 6
12, 4, 6
13, 4, 6
14, 4, 6
15, 4, 6
16, 4, 6
17, 4, 6
18, 4, 6
19, 4, 6
20, 4, 6
21, 4, 6
22, 4, 6
23, 4, 6
24, 4, 6
25, 4, 6
26, 4, 6
27, 4, 6
28, 4, 6
29, 4, 6
30, 4, 6
31, 4, 6
32, 4, 6
33, 4, 6
34, 4, 6
35, 4, 6
36, 4, 6
37, 4, 6
38, 4, 6
39, 4, 6
40, 4, 6
41, 4, 6
42, 4, 6
43, 4, 6
44, 4, 6
45, 4, 6
48, 4, 6
49, 4, 6
0, 4, 7
1, 4, 7
2, 4, 7
3, 4, 7
4, 4, 7
5, 4, 7
6, 4, 7
7, 4, 7
8, 4, 7
9, 4, 7
10, 4, 7
11, 4, 7
12, 4, 7
13, 4, 7
14, 4, 7
15, 4, 7
16, 4, 7
17, 4, 7
18, 4, 7
19, 4, 7
20, 4, 7
21, 4, 7
22, 4, 7
23, 4, 7
24, 4, 7
25, 4, 7
26, 4, 7
27, 4, 7
28, 4, 7
29, 4, 7
30, 4, 7
31, 4, 7
32, 4, 7
33, 4, 7
34, 4, 7
35, 4, 7
36, 4, 7
37, 4, 7
38, 4, 7
39, 4, 7
40, 4, 7
41, 4, 7
42, 4, 7
43, 4, 7
44, 4, 7
45, 4, 7
48, 4, 7
49, 4, 7
0, 4, 8
1, 4, 8
2, 4, 8
3, 4, 8
4, 4, 8
5, 4, 8
6, 4, 8
7, 4, 8
8, 4, 8
9, 4, 8
10, 4, 8
11, 4, 8
12, 4, 8
13, 4, 8
14, 4, 8
15, 4, 8
16, 4, 8
17, 4, 8
18, 4, 8
19, 4, 8
20, 4, 8
21, 4, 8
22, 4, 8
23, 4, 8
24, 4, 8
25, 4, 8
26, 4, 8
27, 4, 8
28, 4, 8
29, 4, 8
30, 4, 8
31, 4, 8
32, 4, 8
33, 4, 8
34, 4, 8
35, 4, 8
36, 4, 8
37, 4, 8
38, 4, 8
39, 4, 8
40, 4, 8
41, 4, 8
42, 4, 8
43, 4, 8
44, 4, 8
45, 4, 8
48, 4, 8
49, 4, 8
0, 4, 9
1, 4, 9
2, 4, 9
3, 4, 9
4, 4, 9
5, 4, 9
6, 4, 9
7, 4, 9
8, 4, 9
9, 4, 9
10, 4, 9
11, 4, 9
12, 4, 9
13, 4, 9
14, 4, 9
15, 4, 9
16, 4, 9
17, 4, 9
18, 4, 9
19, 4, 9
20, 4, 9
21, 4, 9
22, 4, 9
23, 4, 9
24, 4, 9
25, 4, 9
26, 4, 9
27, 4, 9
28, 4, 9
29, 4, 9
30, 4, 9
31, 4, 9
32, 4, 9
33, 4, 9
34, 4, 9
35, 4, 9
36, 4, 9
37, 4, 9
38, 4, 9
39, 4, 9
40, 4, 9
41, 4, 9
42, 4, 9
43, 4, 9
44, 4, 9
45, 4, 9
48, 4, 9
49, 4, 9
0, 4, 10
1, 4, 10
2, 4, 10
3, 4, 10
4, 4, 10
5, 4, 10
6, 4, 10
7, 4, 10
8, 4, 10
9, 4, 10
10, 4, 10
11, 4, 10
12, 4, 10
13, 4, 10
14, 4, 10
15, 4, 10
16, 4, 10
17, 4, 10
18, 4, 10
19, 4, 10
20, 4, 10
21, 4, 10
22, 4, 10
23, 4, 10
24, 4, 10
25, 4, 10
26, 4, 10
27, 4, 10
28, 4, 10
29, 4, 10
30, 4, 10
31, 4, 10
32, 4, 10
33, 4, 10
34, 4, 10
35, 4, 10
36, 4, 10
37, 4, 10
38, 4, 10
39, 4, 10
40, 4, 10
41, 4, 10
42, 4, 10
43, 4, 10
44, 4, 10
45, 4, 10
48, 4, 10
49, 4, 10
0, 4, 11
1, 4, 11
2, 4, 11
3, 4, 11
4, 4, 11
5, 4, 11
6, 4, 11
7, 4, 11
8, 4, 11
9, 4, 11
10, 4, 11
11, 4, 11
12, 4, 11
13, 4, 11
14, 4, 11
15, 4, 11
16, 4, 11
17, 4, 11
18, 4, 11
19, 4, 11
20, 4, 11
21, 4, 11
22, 4, 11
23, 4, 11
24, 4, 11
25, 4, 11
26, 4, 11
27, 4, 11
28, 4, 11
29, 4, 11
30, 4, 11
31, 4, 11
32, 4, 11
33, 4, 11
34, 4, 11
35, 4, 11
36, 4, 11
37, 4, 11
38, 4, 11
39, 4, 11
40, 4, 11
41, 4, 11
42, 4, 11
43, 4, 11
44, 4, 11
45, 4, 11
48, 4, 11
49, 4, 11
0, 4, 12
1, 4, 12
2, 4, 12
3, 4, 12
4, 4, 12
5, 4, 12
6, 4, 12
7, 4, 12
8, 4, 12
9, 4, 12
10, 4, 12
11, 4, 12
12, 4, 12
13, 4, 12
14, 4, 12
15, 4, 12
16, 4, 12
17, 4, 12
18, 4, 12
19, 4, 12
20, 4, 12
21, 4, 12
22, 4, 12
23, 4, 12
24, 4, 12
25, 4, 12
26, 4, 12
27, 4, 12
28, 4, 12
29, 4, 12
30, 4, 12
31, 4, 12
32, 4, 12
33, 4, 12
34, 4, 12
35, 4, 12
36, 4, 12
37, 4, 12
38, 4, 12
39, 4, 12
40, 4, 12
41, 4, 12
42, 4, 12
43, 4, 12
44, 4, 12
45, 4, 12
48, 4, 12
49, 4, 12
0, 4, 13
1, 4, 13
2, 4, 13
3, 4, 13
4, 4, 13
5, 4, 13
6, 4, 13
7, 4, 13
8, 4, 13
9, 4, 13
10, 4, 13
11, 4, 13
12, 4, 13
13, 4, 13
14, 4, 13
15, 4, 13
16, 4, 13
17, 4, 13
18, 4, 13
19, 4, 13
20, 4, 13
21, 4, 13
22, 4, 13
23, 4, 13
24, 4, 13
25, 4, 13
26, 4, 13
27, 4, 13
28, 4, 13
29, 4, 13
30, 4, 13
31, 4, 13
32, 4, 13
33, 4, 13
34, 4, 13
35, 4, 13
36, 4, 13
37, 4, 13
38, 4, 13
39, 4, 13
40, 4, 13
41, 4, 13
42, 4, 13
43, 4, 13
44, 4, 13
45, 4, 13
48, 4, 13
49, 4, 13
0, 4, 14
1, 4, 14
2, 4, 14
3, 4, 14
4, 4, 14
5, 4, 14
6, 4, 14
7, 4, 14
8, 4, 14
9, 4, 14
10, 4, 14
11, 4, 14
12, 4, 14
13, 4, 14
14, 4, 14
15, 4, 14
16, 4, 14
17, 4, 14
18, 4, 14
19, 4, 14
20, 4, 14
21, 4, 14
22, 4, 14
23, 4, 14
24, 4, 14
25, 4, 14
26, 4, 14
27, 4, 14
28, 4, 14
29, 4, 14
30, 4, 14
31, 4, 14
32, 4, 14
33, 4, 14
34, 4, 14
35, 4, 14
36, 4, 14
37, 4, 14
38, 4, 14
39, 4, 14
40, 4, 14
41, 4, 14
42, 4, 14
43, 4, 14
44, 4, 14
45, 4, 14
48, 4, 14
49, 4, 14
0, 4, 15
1, 4, 15
2, 4, 15
3, 4, 15
4, 4, 15
5, 4, 15
6, 4, 15
7, 4, 15
8, 4, 15
9, 4, 15
10, 4, 15
11, 4, 15
12, 4, 15
13, 4, 15
14, 4, 15
15, 4, 15
16, 4, 15
17, 4, 15
18, 4, 15
19, 4, 15
20, 4, 15
21, 4, 15
22, 4, 15
23, 4, 15
24, 4, 15
25, 4, 15
26, 4, 15
27, 4, 15
28, 4, 15
29, 4, 15
30, 4, 15
31, 4, 15
32, 4, 15
33, 4, 15
34, 4, 15
35, 4, 15
36, 4, 15
37, 4, 15
38, 4, 15
39, 4, 15
40, 4, 15
41, 4, 15
42, 4, 15
43, 4, 15
44, 4, 15
45, 4, 15
48, 4, 15
49, 4, 15
0, 4, 16
1, 4, 16
2, 4, 16
3, 4, 16
4, 4, 16
5, 4, 16
6, 4, 16
7, 4, 16
8, 4, 16
9, 4, 16
10, 4, 16
11, 4, 16
12, 4, 16
13, 4, 16
14, 4, 16
15, 4, 16
16, 4, 16
17, 4, 16
18, 4, 16
19, 4, 16
20, 4, 16
21, 4, 16
22, 4, 16
23, 4, 16
24, 4, 16
25, 4, 16
26, 4, 16
27, 4, 16
28, 4, 16
29, 4, 16
30, 4, 16
31, 4, 16
32, 4, 16
33, 4, 16
34, 4, 16
35, 4, 16
36, 4, 16
37, 4, 16
38, 4, 16
39, 4, 16
40, 4, 16
41, 4, 16
42, 4, 16
43, 4, 16
44, 4, 16
45, 4, 16
48, 4, 16
49, 4, 16
0, 4, 17
1, 4, 17
2, 4, 17
3, 4, 17
4, 4, 17
5, 4, 17
6, 4, 17
7, 4, 17
8, 4, 17
9, 4, 17
10, 4, 17
11, 4, 17
12, 4, 17
13, 4, 17
14, 4, 17
15, 4, 17
16, 4, 17
17, 4, 17
18, 4, 17
19, 4, 17
20, 4, 17
21, 4, 17
22, 4, 17
23, 4, 17
24, 4, 17
25, 4, 17
26, 4, 17
27, 4, 17
28, 4, 17
29, 4, 17
30, 4, 17
31, 4, 17
32, 4, 17
33, 4, 17
34, 4, 17
35, 4, 17
36, 4, 17
37, 4, 17
38, 4, 17
39, 4, 17
40, 4, 17
41, 4, 17
42, 4, 17
43, 4, 17
44, 4, 17
45, 4, 17
46, 4, 17
47, 4, 17
48, 4, 17
49, 4, 17
0, 4, 18
1, 4, 18
2, 4, 18
3, 4, 18
4, 4, 18
5, 4, 18
6, 4, 18
7, 4, 18
8, 4, 18
9, 4, 18
10, 4, 18
11, 4, 18
12, 4, 18
13, 4, 18
14, 4, 18
15, 4, 18
16, 4, 18
17, 4, 18
18, 4, 18
19, 4, 18
20, 4, 18
21, 4, 18
22, 4, 18
23, 4, 18
24, 4, 18
25, 4, 18
26, 4, 18
27, 4, 18
28, 4, 18
29, 4, 18
30, 4, 18
31, 4, 18
32, 4, 18
33, 4, 18
34, 4, 18
35, 4, 18
36, 4, 18
37, 4, 18
41, 4, 18
42, 4, 18
43, 4, 18
44, 4, 18
45, 4, 18
46, 4, 18
47, 4, 18
48, 4, 18
49, 4, 18
0, 4, 19
1, 4, 19
2, 4, 19
3, 4, 19
4, 4, 19
5, 4, 19
6, 4, 19
7, 4, 19
8, 4, 19
9, 4, 19
10, 4, 19
11, 4, 19
12, 4, 19
13, 4, 19
14, 4, 19
15, 4, 19
16, 4, 19
17, 4, 19
18, 4, 19
19, 4, 19
20, 4, 19
21, 4, 19
22, 4, 19
23, 4, 19
24, 4, 19
25, 4, 19
26, 4, 19
27, 4, 19
28, 4, 19
29, 4, 19
30, 4, 19
31, 4, 19
32, 4, 19
33, 4, 19
34, 4, 19
35, 4, 19
36, 4, 19
37, 4, 19
38, 4, 19
39, 4, 19
40, 4, 19
41, 4, 19
42, 4, 19
43, 4, 19
44, 4, 19
45, 4, 19
46, 4, 19
47, 4, 19
48, 4, 19
49, 4, 19
0, 4, 20
1, 4, 20
2, 4, 20
3, 4, 20
4, 4, 20
5, 4, 20
6, 4, 20
7, 4, 20
8, 4, 20
9, 4, 20
10, 4, 20
11, 4, 20
12, 4, 20
13, 4, 20
14, 4, 20
15, 4, 20
16, 4, 20
17, 4, 20
18, 4, 20
19, 4, 20
20, 4, 20
21, 4, 20
22, 4, 20
23, 4, 20
24, 4, 20
25, 4, 20
26, 4, 20
27, 4, 20
28, 4, 20
29, 4, 20
30, 4, 20
31, 4, 20
32, 4, 20
33, 4, 20
34, 4, 20
35, 4, 20
36, 4, 20
37, 4, 20
38, 4, 20
39, 4, 20
40, 4, 20
41, 4, 20
42, 4, 20
43, 4, 20
44, 4, 20
45, 4, 20
46, 4, 20
47, 4, 20
48, 4, 20
3, 4, 21
4, 4, 21
13, 4, 21
14, 4, 21
15, 4, 21
16, 4, 21
17, 4, 21
32, 4, 21
33, 4, 21
34, 4, 21
3, 5, 0
4, 5, 0
13, 5, 0
14, 5, 0
15, 5, 0
16, 5, 0
17, 5, 0
22, 5, 0
23, 5, 0
24, 5, 0
25, 5, 0
26, 5, 0
27, 5, 0
32, 5, 0
33, 5, 0
34, 5, 0
0, 5, 1
1, 5, 1
2, 5, 1
3, 5, 1
4, 5, 1
5, 5, 1
6, 5, 1
7, 5, 1
8, 5, 1
9, 5, 1
10, 5, 1
11, 5, 1
12, 5, 1
13, 5, 1
14, 5, 1
15, 5, 1
16, 5, 1
17, 5, 1
18, 5, 1
19, 5, 1
20, 5, 1
21, 5, 1
22, 5, 1
23, 5, 1
24, 5, 1
25, 5, 1
26, 5, 1
27, 5, 1
28, 5, 1
29, 5, 1
30, 5, 1
31, 5, 1
32, 5, 1
33, 5, 1
34, 5, 1
35, 5, 1
36, 5, 1
37, 5, 1
38, 5, 1
39, 5, 1
40, 5, 1
41, 5, 1
42, 5, 1
43, 5, 1
44, 5, 1
45, 5, 1
46, 5, 1
47, 5, 1
48, 5, 1
0, 5, 2
1, 5, 2
2, 5, 2
3, 5, 2
4, 5, 2
5, 5, 2
6, 5, 2
7, 5, 2
8, 5, 2
9, 5, 2
10, 5, 2
11, 5, 2
12, 5, 2
13, 5, 2
14, 5, 2
15, 5, 2
16, 5, 2
17, 5, 2
18, 5, 2
19, 5, 2
20, 5, 2
21, 5, 2
22, 5, 2
23, 5, 2
24, 5, 2
25, 5, 2
26, 5, 2
27, 5, 2
28, 5, 2
29, 5, 2
30, 5, 2
31, 5, 2
32, 5, 2
33, 5, 2
34, 5, 2
35, 5, 2
36, 5, 2
37, 5, 2
38, 5, 2
39, 5, 2
40, 5, 2
41, 5, 2
42, 5, 2
43, 5, 2
44, 5, 2
45, 5, 2
46, 5, 2
47, 5, 2
48, 5, 2
49, 5, 2
0, 5, 3
1, 5, 3
2, 5, 3
3, 5, 3
4, 5, 3
5, 5, 3
6, 5, 3
7, 5, 3
8, 5, 3
9, 5, 3
10, 5, 3
11, 5, 3
12, 5, 3
13, 5, 3
14, 5, 3
15, 5, 3
16, 5, 3
17, 5, 3
18, 5, 3
19, 5, 3
20, 5, 3
21, 5, 3
22, 5, 3
23, 5, 3
24, 5, 3
25, 5, 3
26, 5, 3
27, 5, 3
28, 5, 3
29, 5, 3
30, 5, 3
31, 5, 3
32, 5, 3
33, 5, 3
34, 5, 3
35, 5, 3
36, 5, 3
37, 5, 3
40, 5, 3
41, 5, 3
42, 5, 3
43, 5, 3
44, 5, 3
45, 5, 3
46, 5, 3
47, 5, 3
48, 5, 3
49, 5, 3
0, 5, 4
1, 5, 4
2, 5, 4
3, 5, 4
4, 5, 4
5, 5, 4
6, 5, 4
7, 5, 4
8, 5, 4
9, 5, 4
10, 5, 4
11, 5, 4
12, 5, 4
13, 5, 4
14, 5, 4
15, 5, 4
16, 5, 4
17, 5, 4
18, 5, 4
19, 5, 4
20, 5, 4
21, 5, 4
22, 5, 4
23, 5, 4
24, 5, 4
25, 5, 4
26, 5, 4
27, 5, 4
28, 5, 4
29, 5, 4
30, 5, 4
31, 5, 4
32, 5, 4
33, 5, 4
34, 5, 4
35, 5, 4
36, 5, 4
37, 5, 4
38, 5, 4
39, 5, 4
40, 5, 4
41, 5, 4
42, 5, 4
43, 5, 4
44, 5, 4
45, 5, 4
46, 5, 4
47, 5, 4
48, 5, 4
49, 5, 4
0, 5, 5
1, 5, 5
2, 5, 5
3, 5, 5
4, 5, 5
5, 5, 5
6, 5, 5
7, 5, 5
8, 5, 5
9, 5, 5
10, 5, 5
11, 5, 5
12, 5, 5
13, 5, 5
14, 5, 5
15, 5, 5
16, 5, 5
17, 5, 5
18, 5, 5
19, 5, 5
20, 5, 5
21, 5, 5
22, 5, 5
23, 5, 5
24, 5, 5
25, 5, 5
26, 5, 5
27, 5, 5
28, 5, 5
29, 5, 5
30, 5, 5
31, 5, 5
32, 5, 5
33, 5, 5
34, 5, 5
35, 5, 5
36, 5, 5
37, 5, 5
38, 5, 5
39, 5, 5
40, 5, 5
41, 5, 5
42, 5, 5
43, 5, 5
44, 5, 5
45, 5, 5
46, 5, 5
47, 5, 5
48, 5, 5
49, 5, 5
0, 5, 6
1, 5, 6
2, 5, 6
3, 5, 6
4, 5, 6
5, 5, 6
6, 5, 6
7, 5, 6
8, 5, 6
9, 5, 6
10, 5, 6
11, 5, 6
12, 5, 6
13, 5, 6
14, 5, 6
15, 5, 6
16, 5, 6
17, 5, 6
18, 5, 6
19, 5, 6
20, 5, 6
21, 5, 6
22, 5, 6
23, 5, 6
24, 5, 6
25, 5, 6
26, 5, 6
27, 5, 6
28, 5, 6
29, 5, 6
30, 5, 6
31, 5, 6
32, 5, 6
33, 5, 6
34, 5, 6
35, 5, 6
36, 5, 6
37, 5, 6
38, 5, 6
39, 5, 6
40, 5, 6
41, 5, 6
42, 5, 6
43, 5, 6
44, 5, 6
45, 5, 6
46, 5, 6
47, 5, 6
48, 5, 6
49, 5, 6
0, 5, 7
1, 5, 7
2, 5, 7
3, 5, 7
4, 5, 7
5, 5, 7
6, 5, 7
7, 5, 7
8, 5, 7
9, 5, 7
10, 5, 7
11, 5, 7
12, 5, 7
13, 5, 7
14, 5, 7
15, 5, 7
16, 5, 7
17, 5, 7
18, 5, 7
19, 5, 7
20, 5, 7
21, 5, 7
22, 5, 7
23, 5, 7
24, 5, 7
25, 5, 7
26, 5, 7
27, 5, 7
28, 5, 7
29, 5, 7
30, 5, 7
31, 5, 7
32, 5, 7
33, 5, 7
34, 5, 7
35, 5, 7
36, 5, 7
37, 5, 7
38, 5, 7
39, 5, 7
40, 5, 7
41, 5, 7
42, 5, 7
43, 5, 7
44, 5, 7
45, 5, 7
46, 5, 7
47, 5, 7
48, 5, 7
49, 5, 7
0, 5, 8
1, 5, 8
2, 5, 8
3, 5, 8
4, 5, 8
5, 5, 8
6, 5, 8
7, 5, 8
8, 5, 8
9, 5, 8
10, 5, 8
11, 5, 8
12, 5, 8
13, 5, 8
14, 5, 8
15, 5, 8
16, 5, 8
17, 5, 8
18, 5, 8
19, 5, 8
20, 5, 8
21, 5, 8
22, 5, 8
23, 5, 8
24, 5, 8
25, 5, 8
26, 5, 8
27, 5, 8
28, 5, 8
29, 5, 8
30, 5, 8
31, 5, 8
32, 5, 8
33, 5, 8
34, 5, 8
35, 5, 8
36, 5, 8
37, 5, 8
38, 5, 8
39, 5, 8
40, 5, 8
41, 5, 8
42, 5, 8
43, 5, 8
44, 5, 8
45, 5, 8
46, 5, 8
47, 5, 8
48, 5, 8
49, 5, 8
0, 5, 9
1, 5, 9
2, 5, 9
3, 5, 9
4, 5, 9
5, 5, 9
6, 5, 9
7, 5, 9
8, 5, 9
9, 5, 9
10, 5, 9
11, 5, 9
12, 5, 9
13, 5, 9
14, 5, 9
15, 5, 9
16, 5, 9
17, 5, 9
18, 5, 9
19, 5, 9
20, 5, 9
21, 5, 9
22, 5, 9
23, 5, 9
24, 5, 9
25, 5, 9
26, 5, 9
27, 5, 9
28, 5, 9
29, 5, 9
30, 5, 9
31, 5, 9
32, 5, 9
33, 5, 9
34, 5, 9
35, 5, 9
36, 5, 9
37, 5, 9
38, 5, 9
39, 5, 9
40, 5, 9
41, 5, 9
42, 5, 9
43, 5, 9
44, 5, 9
45, 5, 9
46, 5, 9
47, 5, 9
48, 5, 9
49, 5, 9
0, 5, 10
1, 5, 10
2, 5, 10
3, 5, 10
4, 5, 10
5, 5, 10
6, 5, 10
7, 5, 10
8, 5, 10
9, 5, 10
10, 5, 10
11, 5, 10
12, 5, 10
13, 5, 10
14, 5, 10
15, 5, 10
16, 5, 10
17, 5, 10
18, 5, 10
19, 5, 10
20, 5, 10
21, 5, 10
22, 5, 10
23, 5, 10
24, 5, 10
25, 5, 10
26, 5, 10
27, 5, 10
28, 5, 10
29, 5, 10
30, 5, 10
31, 5, 10
32, 5, 10
33, 5, 10
34, 5, 10
35, 5, 10
36, 5, 10
37, 5, 10
38, 5, 10
39, 5, 10
40, 5, 10
41, 5, 10
42, 5, 10
43, 5, 10
44, 5, 10
45, 5, 10
46, 5, 10
47, 5, 10
48, 5, 10
49, 5, 10
0, 5, 11
1, 5, 11
2, 5, 11
3, 5, 11
4, 5, 11
5, 5, 11
6, 5, 11
7, 5, 11
8, 5, 11
9, 5, 11
10, 5, 11
11, 5, 11
12, 5, 11
13, 5, 11
14, 5, 11
15, 5, 11
16, 5, 11
17, 5, 11
18, 5, 11
19, 5, 11
20, 5, 11
21, 5, 11
22, 5, 11
23, 5, 11
24, 5, 11
25, 5, 11
26, 5, 11
27, 5, 11
28, 5, 11
29, 5, 11
30, 5, 11
31, 5, 11
32, 5, 11
33, 5, 11
34, 5, 11
35, 5, 11
36, 5, 11
37, 5, 11
38, 5, 11
39, 5, 11
40, 5, 11
41, 5, 11
42, 5, 11
43, 5, 11
44, 5, 11
45, 5, 11
46, 5, 11
47, 5, 11
48, 5, 11
49, 5, 11
0, 5, 12
1, 5, 12
2, 5, 12
3, 5, 12
4, 5, 12
5, 5, 12
6, 5, 12
7, 5, 12
8, 5, 12
9, 5, 12
10, 5, 12
11, 5, 12
12, 5, 12
13, 5, 12
14, 5, 12
15, 5, 12
16, 5, 12
17, 5, 12
18, 5, 12
19, 5, 12
20, 5, 12
21, 5, 12
22, 5, 12
23, 5, 12
24, 5, 12
25, 5, 12
26, 5, 12
27, 5, 12
28, 5, 12
29, 5, 12
30, 5, 12
31, 5, 12
32, 5, 12
33, 5, 12
34, 5, 12
35, 5, 12
36, 5, 12
37, 5, 12
38, 5, 12
39, 5, 12
40, 5, 12
41, 5, 12
42, 5, 12
43, 5, 12
44, 5, 12
45, 5, 12
46, 5, 12
47, 5, 12
48, 5, 12
49, 5, 12
0, 5, 13
1, 5, 13
2, 5, 13
3, 5, 13
4, 5, 13
5, 5, 13
6, 5, 13
7, 5, 13
8, 5, 13
9, 5, 13
10, 5, 13
11, 5, 13
12, 5, 13
13, 5, 13
14, 5, 13
15, 5, 13
16, 5, 13
17, 5, 13
18, 5, 13
19, 5, 13
20, 5, 13
21, 5, 13
22, 5, 13
23, 5, 13
24, 5, 13
25, 5, 13
26, 5, 13
27, 5, 13
28, 5, 13
29, 5, 13
30, 5, 13
31, 5, 13
32, 5, 13
33, 5, 13
34, 5, 13
35, 5, 13
36, 5, 13
37, 5, 13
38, 5, 13
39, 5, 13
40, 5, 13
41, 5, 13
42, 5, 13
43, 5, 13
44, 5, 13
45, 5, 13
46, 5, 13
47, 5, 13
48, 5, 13
49, 5, 13
0, 5, 14
1, 5, 14
2, 5, 14
3, 5, 14
4, 5, 14
5, 5, 14
6, 5, 14
7, 5, 14
8, 5, 14
9, 5, 14
10, 5, 14
11, 5, 14
12, 5, 14
13, 5, 14
14, 5, 14
15, 5, 14
16, 5, 14
17, 5, 14
18, 5, 14
19, 5, 14
20, 5, 14
21, 5, 14
22, 5, 14
23, 5, 14
24, 5, 14
25, 5, 14
26, 5, 14
27, 5, 14
28, 5, 14
29, 5, 14
30, 5, 14
31, 5, 14
32, 5, 14
33, 5, 14
34, 5, 14
35, 5, 14
36, 5, 14
37, 5, 14
38, 5, 14
39, 5, 14
40, 5, 14
41, 5, 14
42, 5, 14
43, 5, 14
44, 5, 14
45, 5, 14
46, 5, 14
47, 5, 14
48, 5, 14
49, 5, 14
0, 5, 15
1, 5, 15
2, 5, 15
3, 5, 15
4, 5, 15
5, 5, 15
6, 5, 15
7, 5, 15
8, 5, 15
9, 5, 15
10, 5, 15
11, 5, 15
12, 5, 15
13, 5, 15
14, 5, 15
15, 5, 15
16, 5, 15
17, 5, 15
18, 5, 15
19, 5, 15
20, 5, 15
21, 5, 15
22, 5, 15
23, 5, 15
24, 5, 15
25, 5, 15
26, 5, 15
27, 5, 15
28, 5, 15
29, 5, 15
30, 5, 15
31, 5, 15
32, 5, 15
33, 5, 15
34, 5, 15
35, 5, 15
36, 5, 15
37, 5, 15
38, 5, 15
39, 5, 15
40, 5, 15
41, 5, 15
42, 5, 15
43, 5, 15
44, 5, 15
45, 5, 15
46, 5, 15
47, 5, 15
48, 5, 15
49, 5, 15
0, 5, 16
1, 5, 16
2, 5, 16
3, 5, 16
4, 5, 16
5, 5, 16
6, 5, 16
7, 5, 16
8, 5, 16
9, 5, 16
10, 5, 16
11, 5, 16
12, 5, 16
13, 5, 16
14, 5, 16
15, 5, 16
16, 5, 16
17, 5, 16
18, 5, 16
19, 5, 16
20, 5, 16
21, 5, 16
22, 5, 16
23, 5, 16
24, 5, 16
25, 5, 16
26, 5, 16
27, 5, 16
28, 5, 16
29, 5, 16
30, 5, 16
31, 5, 16
32, 5, 16
33, 5, 16
34, 5, 16
35, 5, 16
36, 5, 16
37, 5, 16
38, 5, 16
39, 5, 16
40, 5, 16
41, 5, 16
42, 5, 16
43, 5, 16
44, 5, 16
45, 5, 16
46, 5, 16
47, 5, 16
48, 5, 16
49, 5, 16
0, 5, 17
1, 5, 17
2, 5, 17
3, 5, 17
4, 5, 17
5, 5, 17
6, 5, 17
7, 5, 17
8, 5, 17
9, 5, 17
10, 5, 17
11, 5, 17
12, 5, 17
13, 5, 17
14, 5, 17
15, 5, 17
16, 5, 17
17, 5, 17
18, 5, 17
19, 5, 17
20, 5, 17
21, 5, 17
22, 5, 17
23, 5, 17
24, 5, 17
25, 5, 17
26, 5, 17
27, 5, 17
28, 5, 17
29, 5, 17
30, 5, 17
31, 5, 17
32, 5, 17
33, 5, 17
34, 5, 17
35, 5, 17
36, 5, 17
37, 5, 17
38, 5, 17
39, 5, 17
40, 5, 17
41, 5, 17
42, 5, 17
43, 5, 17
44, 5, 17
45, 5, 17
46, 5, 17
47, 5, 17
48, 5, 17
49, 5, 17
0, 5, 18
1, 5, 18
2, 5, 18
3, 5, 18
4, 5, 18
5, 5, 18
6, 5, 18
7, 5, 18
8, 5, 18
9, 5, 18
10, 5, 18
11, 5, 18
12, 5, 18
13, 5, 18
14, 5, 18
15, 5, 18
16, 5, 18
17, 5, 18
18, 5, 18
19, 5, 18
20, 5, 18
21, 5, 18
22, 5, 18
23, 5, 18
24, 5, 18
25, 5, 18
26, 5, 18
27, 5, 18
28, 5, 18
29, 5, 18
30, 5, 18
31, 5, 18
32, 5, 18
33, 5, 18
34, 5, 18
35, 5, 18
36, 5, 18
37, 5, 18
38, 5, 18
39, 5, 18
40, 5, 18
41, 5, 18
42, 5, 18
43, 5, 18
44, 5, 18
45, 5, 18
46, 5, 18
47, 5, 18
48, 5, 18
49, 5, 18
0, 5, 19
1, 5, 19
2, 5, 19
3, 5, 19
4, 5, 19
5, 5, 19
6, 5, 19
7, 5, 19
8, 5, 19
9, 5, 19
10, 5, 19
11, 5, 19
12, 5, 19
13, 5, 19
14, 5, 19
15, 5, 19
16, 5, 19
17, 5, 19
18, 5, 19
19, 5, 19
20, 5, 19
21, 5, 19
22, 5, 19
23, 5, 19
24, 5, 19
25, 5, 19
26, 5, 19
27, 5, 19
28, 5, 19
29, 5, 19
30, 5, 19
31, 5, 19
32, 5, 19
33, 5, 19
34, 5, 19
35, 5, 19
36, 5, 19
37, 5, 19
38, 5, 19
39, 5, 19
40, 5, 19
41, 5, 19
42, 5, 19
43, 5, 19
44, 5, 19
45, 5, 19
46, 5, 19
47, 5, 19
48, 5, 19
49, 5, 19
0, 5, 20
1, 5, 20
2, 5, 20
3, 5, 20
4, 5, 20
5, 5, 20
6, 5, 20
7, 5, 20
8, 5, 20
9, 5, 20
10, 5, 20
11, 5, 20
12, 5, 20
13, 5, 20
14, 5, 20
15, 5, 20
16, 5, 20
17, 5, 20
18, 5, 20
19, 5, 20
20, 5, 20
21, 5, 20
22, 5, 20
23, 5, 20
24, 5, 20
25, 5, 20
26, 5, 20
27, 5, 20
28, 5, 20
29, 5, 20
30, 5, 20
31, 5, 20
32, 5, 20
33, 5, 20
34, 5, 20
35, 5, 20
36, 5, 20
37, 5, 20
38, 5, 20
39, 5, 20
40, 5, 20
41, 5, 20
42, 5, 20
43, 5, 20
44, 5, 20
45, 5, 20
46, 5, 20
47, 5, 20
48, 5, 20
3, 5, 21
4, 5, 21
13, 5, 21
14, 5, 21
15, 5, 21
16, 5, 21
17, 5, 21
21, 5, 21
22, 5, 21
23, 5, 21
24, 5, 21
25, 5, 21
26, 5, 21
27, 5, 21
28, 5, 21
29, 5, 21
32, 5, 21
33, 5, 21
34, 5, 21
4, 6, 0
5, 6, 0
12, 6, 0
13, 6, 0
14, 6, 0
15, 6, 0
16, 6, 0
17, 6, 0
19, 6, 0
20, 6, 0
21, 6, 0
22, 6, 0
23, 6, 0
24, 6, 0
25, 6, 0
26, 6, 0
27, 6, 0
28, 6, 0
29, 6, 0
30, 6, 0
32, 6, 0
33, 6, 0
34, 6, 0
35, 6, 0
41, 6, 0
42, 6, 0
1, 6, 1
2, 6, 1
3, 6, 1
4, 6, 1
5, 6, 1
6, 6, 1
7, 6, 1
8, 6, 1
9, 6, 1
10, 6, 1
11, 6, 1
12, 6, 1
13, 6, 1
14, 6, 1
15, 6, 1
16, 6, 1
17, 6, 1
18, 6, 1
19, 6, 1
20, 6, 1
21, 6, 1
22, 6, 1
23, 6, 1
24, 6, 1
25, 6, 1
26, 6, 1
27, 6, 1
28, 6, 1
29, 6, 1
30, 6, 1
31, 6, 1
32, 6, 1
33, 6, 1
34, 6, 1
35, 6, 1
36, 6, 1
37, 6, 1
38, 6, 1
39, 6, 1
40, 6, 1
41, 6, 1
42, 6, 1
43, 6, 1
44, 6, 1
45, 6, 1
46, 6, 1
0, 6, 2
1, 6, 2
2, 6, 2
3, 6, 2
4, 6, 2
5, 6, 2
6, 6, 2
7, 6, 2
8, 6, 2
9, 6, 2
10, 6, 2
11, 6, 2
12, 6, 2
13, 6, 2
14, 6, 2
15, 6, 2
16, 6, 2
17, 6, 2
18, 6, 2
19, 6, 2
20, 6, 2
21, 6, 2
22, 6, 2
23, 6, 2
24, 6, 2
25, 6, 2
26, 6, 2
27, 6, 2
28, 6, 2
29, 6, 2
30, 6, 2
31, 6, 2
32, 6, 2
33, 6, 2
34, 6, 2
35, 6, 2
36, 6, 2
37, 6, 2
38, 6, 2
39, 6, 2
40, 6, 2
41, 6, 2
42, 6, 2
43, 6, 2
44, 6, 2
45, 6, 2
46, 6, 2
47, 6, 2
48, 6, 2
0, 6, 3
1, 6, 3
2, 6, 3
3, 6, 3
4, 6, 3
5, 6, 3
6, 6, 3
7, 6, 3
8, 6, 3
9, 6, 3
10, 6, 3
11, 6, 3
12, 6, 3
13, 6, 3
14, 6, 3
15, 6, 3
16, 6, 3
17, 6, 3
18, 6, 3
19, 6, 3
20, 6, 3
21, 6, 3
22, 6, 3
23, 6, 3
24, 6, 3
25, 6, 3
26, 6, 3
27, 6, 3
28, 6, 3
29, 6, 3
30, 6, 3
31, 6, 3
32, 6, 3
33, 6, 3
34, 6, 3
35, 6, 3
36, 6, 3
37, 6, 3
38, 6, 3
39, 6, 3
40, 6, 3
41, 6, 3
42, 6, 3
43, 6, 3
44, 6, 3
45, 6, 3
46, 6, 3
47, 6, 3
48, 6, 3
0, 6, 4
1, 6, 4
2, 6, 4
3, 6, 4
4, 6, 4
5, 6, 4
6, 6, 4
7, 6, 4
8, 6, 4
9, 6, 4
10, 6, 4
11, 6, 4
12, 6, 4
13, 6, 4
14, 6, 4
15, 6, 4
16, 6, 4
17, 6, 4
18, 6, 4
19, 6, 4
20, 6, 4
21, 6, 4
22, 6, 4
23, 6, 4
24, 6, 4
25, 6, 4
26, 6, 4
27, 6, 4
28, 6, 4
29, 6, 4
30, 6, 4
31, 6, 4
32, 6, 4
33, 6, 4
34, 6, 4
35, 6, 4
36, 6, 4
37, 6, 4
38, 6, 4
39, 6, 4
40, 6, 4
41, 6, 4
42, 6, 4
43, 6, 4
44, 6, 4
45, 6, 4
46, 6, 4
47, 6, 4
48, 6, 4
0, 6, 5
1, 6, 5
2, 6, 5
3, 6, 5
4, 6, 5
5, 6, 5
6, 6, 5
7, 6, 5
8, 6, 5
9, 6, 5
10, 6, 5
11, 6, 5
12, 6, 5
13, 6, 5
14, 6, 5
15, 6, 5
16, 6, 5
17, 6, 5
18, 6, 5
19, 6, 5
20, 6, 5
21, 6, 5
22, 6, 5
23, 6, 5
24, 6, 5
25, 6, 5
26, 6, 5
27, 6, 5
28, 6, 5
29, 6, 5
30, 6, 5
31, 6, 5
32, 6, 5
33, 6, 5
34, 6, 5
35, 6, 5
36, 6, 5
37, 6, 5
38, 6, 5
39, 6, 5
40, 6, 5
41, 6, 5
42, 6, 5
43, 6, 5
44, 6, 5
45, 6, 5
46, 6, 5
47, 6, 5
48, 6, 5
0, 6, 6
1, 6, 6
2, 6, 6
3, 6, 6
4, 6, 6
5, 6, 6
6, 6, 6
7, 6, 6
8, 6, 6
9, 6, 6
10, 6, 6
11, 6, 6
12, 6, 6
13, 6, 6
14, 6, 6
15, 6, 6
16, 6, 6
17, 6, 6
18, 6, 6
19, 6, 6
20, 6, 6
21, 6, 6
22, 6, 6
23, 6, 6
24, 6, 6
25, 6, 6
26, 6, 6
27, 6, 6
28, 6, 6
29, 6, 6
30, 6, 6
31, 6, 6
32, 6, 6
33, 6, 6
34, 6, 6
35, 6, 6
36, 6, 6
37, 6, 6
38, 6, 6
39, 6, 6
40, 6, 6
41, 6, 6
42, 6, 6
43, 6, 6
44, 6, 6
45, 6, 6
46, 6, 6
47, 6, 6
48, 6, 6
49, 6, 6
0, 6, 7
1, 6, 7
2, 6, 7
3, 6, 7
4, 6, 7
5, 6, 7
6, 6, 7
7, 6, 7
8, 6, 7
9, 6, 7
10, 6, 7
11, 6, 7
12, 6, 7
13, 6, 7
14, 6, 7
15, 6, 7
16, 6, 7
17, 6, 7
18, 6, 7
19, 6, 7
20, 6, 7
21, 6, 7
22, 6, 7
23, 6, 7
24, 6, 7
25, 6, 7
26, 6, 7
27, 6, 7
28, 6, 7
29, 6, 7
30, 6, 7
31, 6, 7
32, 6, 7
33, 6, 7
34, 6, 7
35, 6, 7
36, 6, 7
37, 6, 7
38, 6, 7
39, 6, 7
40, 6, 7
41, 6, 7
42, 6, 7
43, 6, 7
44, 6, 7
45, 6, 7
46, 6, 7
47, 6, 7
48, 6, 7
0, 6, 8
1, 6, 8
2, 6, 8
3, 6, 8
4, 6, 8
5, 6, 8
6, 6, 8
7, 6, 8
8, 6, 8
9, 6, 8
10, 6, 8
11, 6, 8
12, 6, 8
13, 6, 8
14, 6, 8
15, 6, 8
16, 6, 8
17, 6, 8
18, 6, 8
19, 6, 8
20, 6, 8
21, 6, 8
22, 6, 8
23, 6, 8
24, 6, 8
25, 6, 8
26, 6, 8
27, 6, 8
28, 6, 8
29, 6, 8
30, 6, 8
31, 6, 8
32, 6, 8
33, 6, 8
34, 6, 8
35, 6, 8
36, 6, 8
37, 6, 8
38, 6, 8
39, 6, 8
40, 6, 8
41, 6, 8
42, 6, 8
43, 6, 8
44, 6, 8
45, 6, 8
46, 6, 8
47, 6, 8
48, 6, 8
0, 6, 9
1, 6, 9
2, 6, 9
3, 6, 9
4, 6, 9
5, 6, 9
6, 6, 9
7, 6, 9
8, 6, 9
9, 6, 9
10, 6, 9
11, 6, 9
12, 6, 9
13, 6, 9
14, 6, 9
15, 6, 9
16, 6, 9
17, 6, 9
18, 6, 9
19, 6, 9
20, 6, 9
21, 6, 9
22, 6, 9
23, 6, 9
24, 6, 9
25, 6, 9
26, 6, 9
27, 6, 9
28, 6, 9
29, 6, 9
30, 6, 9
31, 6, 9
32, 6, 9
33, 6, 9
34, 6, 9
35, 6, 9
36, 6, 9
37, 6, 9
38, 6, 9
39, 6, 9
40, 6, 9
41, 6, 9
42, 6, 9
43, 6, 9
44, 6, 9
45, 6, 9
46, 6, 9
47, 6, 9
48, 6, 9
0, 6, 10
1, 6, 10
2, 6, 10
3, 6, 10
4, 6, 10
5, 6, 10
6, 6, 10
7, 6, 10
8, 6, 10
9, 6, 10
10, 6, 10
11, 6, 10
12, 6, 10
13, 6, 10
14, 6, 10
15, 6, 10
16, 6, 10
17, 6, 10
18, 6, 10
19, 6, 10
20, 6, 10
21, 6, 10
22, 6, 10
23, 6, 10
24, 6, 10
25, 6, 10
26, 6, 10
27, 6, 10
28, 6, 10
29, 6, 10
30, 6, 10
31, 6, 10
32, 6, 10
33, 6, 10
34, 6, 10
35, 6, 10
36, 6, 10
37, 6, 10
38, 6, 10
39, 6, 10
40, 6, 10
41, 6, 10
42, 6, 10
43, 6, 10
44, 6, 10
45, 6, 10
46, 6, 10
47, 6, 10
48, 6, 10
0, 6, 11
1, 6, 11
2, 6, 11
3, 6, 11
4, 6, 11
5, 6, 11
6, 6, 11
7, 6, 11
8, 6, 11
9, 6, 11
10, 6, 11
11, 6, 11
12, 6, 11
13, 6, 11
14, 6, 11
15, 6, 11
16, 6, 11
17, 6, 11
18, 6, 11
19, 6, 11
20, 6, 11
21, 6, 11
22, 6, 11
23, 6, 11
24, 6, 11
25, 6, 11
26, 6, 11
27, 6, 11
28, 6, 11
29, 6, 11
30, 6, 11
31, 6, 11
32, 6, 11
33, 6, 11
34, 6, 11
35, 6, 11
36, 6, 11
37, 6, 11
38, 6, 11
39, 6, 11
40, 6, 11
41, 6, 11
42, 6, 11
43, 6, 11
44, 6, 11
45, 6, 11
46, 6, 11
47, 6, 11
48, 6, 11
0, 6, 12
1, 6, 12
2, 6, 12
3, 6, 12
4, 6, 12
5, 6, 12
6, 6, 12
7, 6, 12
8, 6, 12
9, 6, 12
10, 6, 12
11, 6, 12
12, 6, 12
13, 6, 12
14, 6, 12
15, 6, 12
16, 6, 12
17, 6, 12
18, 6, 12
19, 6, 12
20, 6, 12
21, 6, 12
22, 6, 12
23, 6, 12
24, 6, 12
25, 6, 12
26, 6, 12
27, 6, 12
28, 6, 12
29, 6, 12
30, 6, 12
31, 6, 12
32, 6, 12
33, 6, 12
34, 6, 12
35, 6, 12
36, 6, 12
37, 6, 12
38, 6, 12
39, 6, 12
40, 6, 12
41, 6, 12
42, 6, 12
43, 6, 12
44, 6, 12
45, 6, 12
46, 6, 12
47, 6, 12
48, 6, 12
0, 6, 13
1, 6, 13
2, 6, 13
3, 6, 13
4, 6, 13
5, 6, 13
6, 6, 13
7, 6, 13
8, 6, 13
9, 6, 13
10, 6, 13
11, 6, 13
12, 6, 13
13, 6, 13
14, 6, 13
15, 6, 13
16, 6, 13
17, 6, 13
18, 6, 13
19, 6, 13
20, 6, 13
21, 6, 13
22, 6, 13
23, 6, 13
24, 6, 13
25, 6, 13
26, 6, 13
27, 6, 13
28, 6, 13
29, 6, 13
30, 6, 13
31, 6, 13
32, 6, 13
33, 6, 13
34, 6, 13
35, 6, 13
36, 6, 13
37, 6, 13
38, 6, 13
39, 6, 13
40, 6, 13
41, 6, 13
42, 6, 13
43, 6, 13
44, 6, 13
45, 6, 13
46, 6, 13
47, 6, 13
48, 6, 13
0, 6, 14
1, 6, 14
2, 6, 14
3, 6, 14
4, 6, 14
5, 6, 14
6, 6, 14
7, 6, 14
8, 6, 14
9, 6, 14
10, 6, 14
11, 6, 14
12, 6, 14
13, 6, 14
14, 6, 14
15, 6, 14
16, 6, 14
17, 6, 14
18, 6, 14
19, 6, 14
20, 6, 14
21, 6, 14
22, 6, 14
23, 6, 14
24, 6, 14
25, 6, 14
26, 6, 14
27, 6, 14
28, 6, 14
29, 6, 14
30, 6, 14
31, 6, 14
32, 6, 14
33, 6, 14
34, 6, 14
35, 6, 14
36, 6, 14
37, 6, 14
38, 6, 14
39, 6, 14
40, 6, 14
41, 6, 14
42, 6, 14
43, 6, 14
44, 6, 14
45, 6, 14
46, 6, 14
47, 6, 14
48, 6, 14
0, 6, 15
1, 6, 15
2, 6, 15
3, 6, 15
4, 6, 15
5, 6, 15
6, 6, 15
7, 6, 15
8, 6, 15
9, 6, 15
10, 6, 15
11, 6, 15
12, 6, 15
13, 6, 15
14, 6, 15
15, 6, 15
16, 6, 15
17, 6, 15
18, 6, 15
19, 6, 15
20, 6, 15
21, 6, 15
22, 6, 15
23, 6, 15
24, 6, 15
25, 6, 15
26, 6, 15
27, 6, 15
28, 6, 15
29, 6, 15
30, 6, 15
31, 6, 15
32, 6, 15
33, 6, 15
34, 6, 15
35, 6, 15
36, 6, 15
37, 6, 15
38, 6, 15
39, 6, 15
40, 6, 15
41, 6, 15
42, 6, 15
43, 6, 15
44, 6, 15
45, 6, 15
46, 6, 15
47, 6, 15
48, 6, 15
49, 6, 15
0, 6, 16
1, 6, 16
2, 6, 16
3, 6, 16
4, 6, 16
5, 6, 16
6, 6, 16
7, 6, 16
8, 6, 16
9, 6, 16
10, 6, 16
11, 6, 16
12, 6, 16
13, 6, 16
14, 6, 16
15, 6, 16
16, 6, 16
17, 6, 16
18, 6, 16
19, 6, 16
20, 6, 16
21, 6, 16
22, 6, 16
23, 6, 16
24, 6, 16
25, 6, 16
26, 6, 16
27, 6, 16
28, 6, 16
29, 6, 16
30, 6, 16
31, 6, 16
32, 6, 16
33, 6, 16
34, 6, 16
35, 6, 16
36, 6, 16
37, 6, 16
38, 6, 16
39, 6, 16
40, 6, 16
41, 6, 16
42, 6, 16
43, 6, 16
44, 6, 16
45, 6, 16
46, 6, 16
47, 6, 16
48, 6, 16
0, 6, 17
1, 6, 17
2, 6, 17
3, 6, 17
4, 6, 17
5, 6, 17
6, 6, 17
7, 6, 17
8, 6, 17
9, 6, 17
10, 6, 17
11, 6, 17
12, 6, 17
13, 6, 17
14, 6, 17
15, 6, 17
16, 6, 17
17, 6, 17
18, 6, 17
19, 6, 17
20, 6, 17
21, 6, 17
22, 6, 17
23, 6, 17
24, 6, 17
25, 6, 17
26, 6, 17
27, 6, 17
28, 6, 17
29, 6, 17
30, 6, 17
31, 6, 17
32, 6, 17
33, 6, 17
34, 6, 17
35, 6, 17
36, 6, 17
37, 6, 17
38, 6, 17
39, 6, 17
40, 6, 17
41, 6, 17
42, 6, 17
43, 6, 17
44, 6, 17
45, 6, 17
46, 6, 17
47, 6, 17
48, 6, 17
0, 6, 18
1, 6, 18
2, 6, 18
3, 6, 18
4, 6, 18
5, 6, 18
6, 6, 18
7, 6, 18
8, 6, 18
9, 6, 18
10, 6, 18
11, 6, 18
12, 6, 18
13, 6, 18
14, 6, 18
15, 6, 18
16, 6, 18
17, 6, 18
18, 6, 18
19, 6, 18
20, 6, 18
21, 6, 18
22, 6, 18
23, 6, 18
24, 6, 18
25, 6, 18
26, 6, 18
27, 6, 18
28, 6, 18
29, 6, 18
30, 6, 18
31, 6, 18
32, 6, 18
33, 6, 18
34, 6, 18
35, 6, 18
36, 6, 18
37, 6, 18
38, 6, 18
39, 6, 18
40, 6, 18
41, 6, 18
42, 6, 18
43, 6, 18
44, 6, 18
45, 6, 18
46, 6, 18
47, 6, 18
48, 6, 18
0, 6, 19
1, 6, 19
2, 6, 19
3, 6, 19
4, 6, 19
5, 6, 19
6, 6, 19
7, 6, 19
8, 6, 19
9, 6, 19
10, 6, 19
11, 6, 19
12, 6, 19
13, 6, 19
14, 6, 19
15, 6, 19
16, 6, 19
17, 6, 19
18, 6, 19
19, 6, 19
20, 6, 19
21, 6, 19
22, 6, 19
23, 6, 19
24, 6, 19
25, 6, 19
26, 6, 19
27, 6, 19
28, 6, 19
29, 6, 19
30, 6, 19
31, 6, 19
32, 6, 19
33, 6, 19
34, 6, 19
35, 6, 19
36, 6, 19
37, 6, 19
38, 6, 19
39, 6, 19
40, 6, 19
41, 6, 19
42, 6, 19
43, 6, 19
44, 6, 19
45, 6, 19
46, 6, 19
47, 6, 19
48, 6, 19
1, 6, 20
2, 6, 20
3, 6, 20
4, 6, 20
5, 6, 20
6, 6, 20
7, 6, 20
8, 6, 20
9, 6, 20
10, 6, 20
11, 6, 20
12, 6, 20
13, 6, 20
14, 6, 20
15, 6, 20
16, 6, 20
17, 6, 20
18, 6, 20
19, 6, 20
20, 6, 20
21, 6, 20
22, 6, 20
23, 6, 20
24, 6, 20
25, 6, 20
26, 6, 20
27, 6, 20
28, 6, 20
29, 6, 20
30, 6, 20
31, 6, 20
32, 6, 20
33, 6, 20
34, 6, 20
35, 6, 20
36, 6, 20
37, 6, 20
38, 6, 20
39, 6, 20
40, 6, 20
41, 6, 20
42, 6, 20
43, 6, 20
44, 6, 20
45, 6, 20
46, 6, 20
4, 6, 21
5, 6, 21
12, 6, 21
13, 6, 21
14, 6, 21
15, 6, 21
16, 6, 21
17, 6, 21
18, 6, 21
19, 6, 21
20, 6, 21
21, 6, 21
22, 6, 21
23, 6, 21
24, 6, 21
25, 6, 21
26, 6, 21
27, 6, 21
28, 6, 21
29, 6, 21
30, 6, 21
31, 6, 21
32, 6, 21
33, 6, 21
34, 6, 21
35, 6, 21
41, 6, 21
42, 6, 21
4, 7, 0
5, 7, 0
6, 7, 0
7, 7, 0
8, 7, 0
9, 7, 0
10, 7, 0
11, 7, 0
12, 7, 0
13, 7, 0
14, 7, 0
15, 7, 0
16, 7, 0
17, 7, 0
20, 7, 0
21, 7, 0
22, 7, 0
23, 7, 0
24, 7, 0
25, 7, 0
26, 7, 0
27, 7, 0
28, 7, 0
29, 7, 0
30, 7, 0
32, 7, 0
33, 7, 0
34, 7, 0
35, 7, 0
36, 7, 0
40, 7, 0
41, 7, 0
42, 7, 0
43, 7, 0
1, 7, 1
2, 7, 1
3, 7, 1
4, 7, 1
5, 7, 1
6, 7, 1
7, 7, 1
8, 7, 1
9, 7, 1
10, 7, 1
11, 7, 1
12, 7, 1
13, 7, 1
14, 7, 1
15, 7, 1
16, 7, 1
17, 7, 1
18, 7, 1
19, 7, 1
20, 7, 1
21, 7, 1
22, 7, 1
23, 7, 1
24, 7, 1
25, 7, 1
26, 7, 1
27, 7, 1
28, 7, 1
29, 7, 1
30, 7, 1
31, 7, 1
32, 7, 1
33, 7, 1
34, 7, 1
35, 7, 1
36, 7, 1
37, 7, 1
38, 7, 1
39, 7, 1
40, 7, 1
41, 7, 1
42, 7, 1
43, 7, 1
44, 7, 1
45, 7, 1
46, 7, 1
0, 7, 2
1, 7, 2
2, 7, 2
3, 7, 2
4, 7, 2
5, 7, 2
6, 7, 2
7, 7, 2
8, 7, 2
9, 7, 2
10, 7, 2
11, 7, 2
12, 7, 2
13, 7, 2
14, 7, 2
15, 7, 2
16, 7, 2
17, 7, 2
18, 7, 2
19, 7, 2
20, 7, 2
21, 7, 2
22, 7, 2
23, 7, 2
24, 7, 2
25, 7, 2
26, 7, 2
27, 7, 2
28, 7, 2
29, 7, 2
30, 7, 2
31, 7, 2
32, 7, 2
33, 7, 2
34, 7, 2
35, 7, 2
36, 7, 2
37, 7, 2
38, 7, 2
39, 7, 2
40, 7, 2
41, 7, 2
42, 7, 2
43, 7, 2
44, 7, 2
45, 7, 2
46, 7, 2
47, 7, 2
48, 7, 2
0, 7, 3
1, 7, 3
2, 7, 3
3, 7, 3
4, 7, 3
5, 7, 3
6, 7, 3
7, 7, 3
8, 7, 3
9, 7, 3
10, 7, 3
11, 7, 3
12, 7, 3
13, 7, 3
14, 7, 3
15, 7, 3
16, 7, 3
17, 7, 3
18, 7, 3
19, 7, 3
20, 7, 3
21, 7, 3
22, 7, 3
23, 7, 3
24, 7, 3
25, 7, 3
26, 7, 3
27, 7, 3
28, 7, 3
29, 7, 3
30, 7, 3
31, 7, 3
32, 7, 3
33, 7, 3
34, 7, 3
35, 7, 3
36, 7, 3
37, 7, 3
38, 7, 3
39, 7, 3
40, 7, 3
41, 7, 3
42, 7, 3
43, 7, 3
44, 7, 3
45, 7, 3
46, 7, 3
47, 7, 3
48, 7, 3
0, 7, 4
1, 7, 4
2, 7, 4
3, 7, 4
4, 7, 4
5, 7, 4
6, 7, 4
7, 7, 4
8, 7, 4
9, 7, 4
10, 7, 4
11, 7, 4
12, 7, 4
13, 7, 4
14, 7, 4
15, 7, 4
16, 7, 4
17, 7, 4
18, 7, 4
19, 7, 4
20, 7, 4
21, 7, 4
22, 7, 4
23, 7, 4
24, 7, 4
25, 7, 4
26, 7, 4
27, 7, 4
28, 7, 4
29, 7, 4
30, 7, 4
31, 7, 4
32, 7, 4
33, 7, 4
34, 7, 4
35, 7, 4
36, 7, 4
37, 7, 4
38, 7, 4
39, 7, 4
40, 7, 4
41, 7, 4
42, 7, 4
43, 7, 4
44, 7, 4
45, 7, 4
46, 7, 4
47, 7, 4
48, 7, 4
1, 7, 5
2, 7, 5
3, 7, 5
4, 7, 5
5, 7, 5
6, 7, 5
7, 7, 5
8, 7, 5
9, 7, 5
10, 7, 5
11, 7, 5
12, 7, 5
13, 7, 5
14, 7, 5
15, 7, 5
16, 7, 5
17, 7, 5
18, 7, 5
19, 7, 5
20, 7, 5
21, 7, 5
22, 7, 5
23, 7, 5
24, 7, 5
25, 7, 5
26, 7, 5
27, 7, 5
28, 7, 5
29, 7, 5
30, 7, 5
31, 7, 5
32, 7, 5
33, 7, 5
34, 7, 5
35, 7, 5
36, 7, 5
37, 7, 5
38, 7, 5
39, 7, 5
40, 7, 5
41, 7, 5
42, 7, 5
43, 7, 5
44, 7, 5
45, 7, 5
46, 7, 5
47, 7, 5
48, 7, 5
0, 7, 6
1, 7, 6
2, 7, 6
3, 7, 6
4, 7, 6
5, 7, 6
6, 7, 6
7, 7, 6
8, 7, 6
9, 7, 6
10, 7, 6
11, 7, 6
12, 7, 6
13, 7, 6
14, 7, 6
15, 7, 6
16, 7, 6
17, 7, 6
18, 7, 6
19, 7, 6
20, 7, 6
21, 7, 6
22, 7, 6
23, 7, 6
24, 7, 6
25, 7, 6
26, 7, 6
27, 7, 6
28, 7, 6
29, 7, 6
30, 7, 6
31, 7, 6
32, 7, 6
33, 7, 6
34, 7, 6
35, 7, 6
36, 7, 6
37, 7, 6
38, 7, 6
39, 7, 6
40, 7, 6
41, 7, 6
42, 7, 6
43, 7, 6
44, 7, 6
45, 7, 6
46, 7, 6
47, 7, 6
48, 7, 6
49, 7, 6
0, 7, 7
1, 7, 7
2, 7, 7
3, 7, 7
4, 7, 7
5, 7, 7
6, 7, 7
7, 7, 7
8, 7, 7
9, 7, 7
10, 7, 7
11, 7, 7
12, 7, 7
13, 7, 7
14, 7, 7
15, 7, 7
16, 7, 7
17, 7, 7
18, 7, 7
19, 7, 7
20, 7, 7
21, 7, 7
22, 7, 7
23, 7, 7
24, 7, 7
25, 7, 7
26, 7, 7
27, 7, 7
28, 7, 7
29, 7, 7
30, 7, 7
31, 7, 7
32, 7, 7
33, 7, 7
34, 7, 7
35, 7, 7
36, 7, 7
37, 7, 7
38, 7, 7
39, 7, 7
40, 7, 7
41, 7, 7
42, 7, 7
43, 7, 7
44, 7, 7
45, 7, 7
46, 7, 7
47, 7, 7
48, 7, 7
0, 7, 8
1, 7, 8
2, 7, 8
3, 7, 8
4, 7, 8
5, 7, 8
6, 7, 8
7, 7, 8
8, 7, 8
9, 7, 8
10, 7, 8
11, 7, 8
12, 7, 8
13, 7, 8
14, 7, 8
15, 7, 8
16, 7, 8
17, 7, 8
18, 7, 8
19, 7, 8
20, 7, 8
21, 7, 8
22, 7, 8
23, 7, 8
24, 7, 8
25, 7, 8
26, 7, 8
27, 7, 8
28, 7, 8
29, 7, 8
30, 7, 8
31, 7, 8
32, 7, 8
33, 7, 8
34, 7, 8
35, 7, 8
36, 7, 8
37, 7, 8
38, 7, 8
39, 7, 8
40, 7, 8
41, 7, 8
42, 7, 8
43, 7, 8
44, 7, 8
45, 7, 8
46, 7, 8
47, 7, 8
48, 7, 8
0, 7, 9
1, 7, 9
2, 7, 9
3, 7, 9
4, 7, 9
5, 7, 9
6, 7, 9
7, 7, 9
8, 7, 9
9, 7, 9
10, 7, 9
11, 7, 9
12, 7, 9
13, 7, 9
14, 7, 9
15, 7, 9
16, 7, 9
17, 7, 9
18, 7, 9
19, 7, 9
20, 7, 9
21, 7, 9
22, 7, 9
23, 7, 9
24, 7, 9
25, 7, 9
26, 7, 9
27, 7, 9
28, 7, 9
29, 7, 9
30, 7, 9
31, 7, 9
32, 7, 9
33, 7, 9
34, 7, 9
35, 7, 9
36, 7, 9
37, 7, 9
38, 7, 9
39, 7, 9
40, 7, 9
41, 7, 9
42, 7, 9
43, 7, 9
44, 7, 9
45, 7, 9
46, 7, 9
47, 7, 9
48, 7, 9
0, 7, 10
1, 7, 10
2, 7, 10
3, 7, 10
4, 7, 10
5, 7, 10
6, 7, 10
7, 7, 10
8, 7, 10
9, 7, 10
10, 7, 10
11, 7, 10
12, 7, 10
13, 7, 10
14, 7, 10
15, 7, 10
16, 7, 10
17, 7, 10
18, 7, 10
19, 7, 10
20, 7, 10
21, 7, 10
22, 7, 10
23, 7, 10
24, 7, 10
25, 7, 10
26, 7, 10
27, 7, 10
28, 7, 10
29, 7, 10
30, 7, 10
31, 7, 10
32, 7, 10
33, 7, 10
34, 7, 10
35, 7, 10
36, 7, 10
37, 7, 10
38, 7, 10
39, 7, 10
40, 7, 10
41, 7, 10
42, 7, 10
43, 7, 10
44, 7, 10
45, 7, 10
46, 7, 10
47, 7, 10
48, 7, 10
0, 7, 11
1, 7, 11
2, 7, 11
3, 7, 11
4, 7, 11
5, 7, 11
6, 7, 11
7, 7, 11
8, 7, 11
9, 7, 11
10, 7, 11
11, 7, 11
12, 7, 11
13, 7, 11
14, 7, 11
15, 7, 11
16, 7, 11
17, 7, 11
18, 7, 11
19, 7, 11
20, 7, 11
21, 7, 11
22, 7, 11
23, 7, 11
24, 7, 11
25, 7, 11
26, 7, 11
27, 7, 11
28, 7, 11
29, 7, 11
30, 7, 11
31, 7, 11
32, 7, 11
33, 7, 11
34, 7, 11
35, 7, 11
36, 7, 11
37, 7, 11
38, 7, 11
39, 7, 11
40, 7, 11
41, 7, 11
42, 7, 11
43, 7, 11
44, 7, 11
45, 7, 11
46, 7, 11
47, 7, 11
48, 7, 11
0, 7, 12
1, 7, 12
2, 7, 12
3, 7, 12
4, 7, 12
5, 7, 12
6, 7, 12
7, 7, 12
8, 7, 12
9, 7, 12
10, 7, 12
11, 7, 12
12, 7, 12
13, 7, 12
14, 7, 12
15, 7, 12
16, 7, 12
17, 7, 12
18, 7, 12
19, 7, 12
20, 7, 12
21, 7, 12
22, 7, 12
23, 7, 12
24, 7, 12
25, 7, 12
26, 7, 12
27, 7, 12
28, 7, 12
29, 7, 12
30, 7, 12
31, 7, 12
32, 7, 12
33, 7, 12
34, 7, 12
35, 7, 12
36, 7, 12
37, 7, 12
38, 7, 12
39, 7, 12
40, 7, 12
41, 7, 12
42, 7, 12
43, 7, 12
44, 7, 12
45, 7, 12
46, 7, 12
47, 7, 12
48, 7, 12
0, 7, 13
1, 7, 13
2, 7, 13
3, 7, 13
4, 7, 13
5, 7, 13
6, 7, 13
7, 7, 13
8, 7, 13
9, 7, 13
10, 7, 13
11, 7, 13
12, 7, 13
13, 7, 13
14, 7, 13
15, 7, 13
16, 7, 13
17, 7, 13
18, 7, 13
19, 7, 13
20, 7, 13
21, 7, 13
22, 7, 13
23, 7, 13
24, 7, 13
25, 7, 13
26, 7, 13
27, 7, 13
28, 7, 13
29, 7, 13
30, 7, 13
31, 7, 13
32, 7, 13
33, 7, 13
34, 7, 13
35, 7, 13
36, 7, 13
37, 7, 13
38, 7, 13
39, 7, 13
40, 7, 13
41, 7, 13
42, 7, 13
43, 7, 13
44, 7, 13
45, 7, 13
46, 7, 13
47, 7, 13
48, 7, 13
0, 7, 14
1, 7, 14
2, 7, 14
3, 7, 14
4, 7, 14
5, 7, 14
6, 7, 14
7, 7, 14
8, 7, 14
9, 7, 14
10, 7, 14
11, 7, 14
12, 7, 14
13, 7, 14
14, 7, 14
15, 7, 14
16, 7, 14
17, 7, 14
18, 7, 14
19, 7, 14
20, 7, 14
21, 7, 14
22, 7, 14
23, 7, 14
24, 7, 14
25, 7, 14
26, 7, 14
27, 7, 14
28, 7, 14
29, 7, 14
30, 7, 14
31, 7, 14
32, 7, 14
33, 7, 14
34, 7, 14
35, 7, 14
36, 7, 14
37, 7, 14
38, 7, 14
39, 7, 14
40, 7, 14
41, 7, 14
42, 7, 14
43, 7, 14
44, 7, 14
45, 7, 14
46, 7, 14
47, 7, 14
48, 7, 14
0, 7, 15
1, 7, 15
2, 7, 15
3, 7, 15
4, 7, 15
5, 7, 15
6, 7, 15
7, 7, 15
8, 7, 15
9, 7, 15
10, 7, 15
11, 7, 15
12, 7, 15
13, 7, 15
14, 7, 15
15, 7, 15
16, 7, 15
17, 7, 15
18, 7, 15
19, 7, 15
20, 7, 15
21, 7, 15
22, 7, 15
23, 7, 15
24, 7, 15
25, 7, 15
26, 7, 15
27, 7, 15
28, 7, 15
29, 7, 15
30, 7, 15
31, 7, 15
32, 7, 15
33, 7, 15
34, 7, 15
35, 7, 15
36, 7, 15
37, 7, 15
38, 7, 15
39, 7, 15
40, 7, 15
41, 7, 15
42, 7, 15
43, 7, 15
44, 7, 15
45, 7, 15
46, 7, 15
47, 7, 15
48, 7, 15
49, 7, 15
1, 7, 16
2, 7, 16
3, 7, 16
4, 7, 16
5, 7, 16
6, 7, 16
7, 7, 16
8, 7, 16
9, 7, 16
10, 7, 16
11, 7, 16
12, 7, 16
13, 7, 16
14, 7, 16
15, 7, 16
16, 7, 16
17, 7, 16
18, 7, 16
19, 7, 16
20, 7, 16
21, 7, 16
22, 7, 16
23, 7, 16
24, 7, 16
25, 7, 16
26, 7, 16
27, 7, 16
28, 7, 16
29, 7, 16
30, 7, 16
31, 7, 16
32, 7, 16
33, 7, 16
34, 7, 16
35, 7, 16
36, 7, 16
37, 7, 16
38, 7, 16
39, 7, 16
40, 7, 16
41, 7, 16
42, 7, 16
43, 7, 16
44, 7, 16
45, 7, 16
46, 7, 16
47, 7, 16
48, 7, 16
0, 7, 17
1, 7, 17
2, 7, 17
3, 7, 17
4, 7, 17
5, 7, 17
6, 7, 17
7, 7, 17
8, 7, 17
9, 7, 17
10, 7, 17
11, 7, 17
12, 7, 17
13, 7, 17
14, 7, 17
15, 7, 17
16, 7, 17
17, 7, 17
18, 7, 17
19, 7, 17
20, 7, 17
21, 7, 17
22, 7, 17
23, 7, 17
24, 7, 17
25, 7, 17
26, 7, 17
27, 7, 17
28, 7, 17
29, 7, 17
30, 7, 17
31, 7, 17
32, 7, 17
33, 7, 17
34, 7, 17
35, 7, 17
36, 7, 17
37, 7, 17
38, 7, 17
39, 7, 17
40, 7, 17
41, 7, 17
42, 7, 17
43, 7, 17
44, 7, 17
45, 7, 17
46, 7, 17
47, 7, 17
48, 7, 17
0, 7, 18
1, 7, 18
2, 7, 18
3, 7, 18
4, 7, 18
5, 7, 18
6, 7, 18
7, 7, 18
8, 7, 18
9, 7, 18
10, 7, 18
11, 7, 18
12, 7, 18
13, 7, 18
14, 7, 18
15, 7, 18
16, 7, 18
17, 7, 18
18, 7, 18
19, 7, 18
20, 7, 18
21, 7, 18
22, 7, 18
23, 7, 18
24, 7, 18
25, 7, 18
26, 7, 18
27, 7, 18
28, 7, 18
29, 7, 18
30, 7, 18
31, 7, 18
32, 7, 18
33, 7, 18
34, 7, 18
35, 7, 18
36, 7, 18
37, 7, 18
38, 7, 18
39, 7, 18
40, 7, 18
41, 7, 18
42, 7, 18
43, 7, 18
44, 7, 18
45, 7, 18
46, 7, 18
47, 7, 18
48, 7, 18
0, 7, 19
1, 7, 19
2, 7, 19
3, 7, 19
4, 7, 19
5, 7, 19
6, 7, 19
7, 7, 19
8, 7, 19
9, 7, 19
10, 7, 19
11, 7, 19
12, 7, 19
13, 7, 19
14, 7, 19
15, 7, 19
16, 7, 19
17, 7, 19
18, 7, 19
19, 7, 19
20, 7, 19
21, 7, 19
22, 7, 19
23, 7, 19
24, 7, 19
25, 7, 19
26, 7, 19
27, 7, 19
28, 7, 19
29, 7, 19
30, 7, 19
31, 7, 19
32, 7, 19
33, 7, 19
34, 7, 19
35, 7, 19
36, 7, 19
37, 7, 19
38, 7, 19
39, 7, 19
40, 7, 19
41, 7, 19
42, 7, 19
43, 7, 19
44, 7, 19
45, 7, 19
46, 7, 19
47, 7, 19
48, 7, 19
1, 7, 20
2, 7, 20
3, 7, 20
4, 7, 20
5, 7, 20
6, 7, 20
7, 7, 20
8, 7, 20
9, 7, 20
10, 7, 20
11, 7, 20
12, 7, 20
13, 7, 20
14, 7, 20
15, 7, 20
16, 7, 20
17, 7, 20
18, 7, 20
19, 7, 20
20, 7, 20
21, 7, 20
22, 7, 20
23, 7, 20
24, 7, 20
25, 7, 20
26, 7, 20
27, 7, 20
28, 7, 20
29, 7, 20
30, 7, 20
31, 7, 20
32, 7, 20
33, 7, 20
34, 7, 20
35, 7, 20
36, 7, 20
37, 7, 20
38, 7, 20
39, 7, 20
40, 7, 20
41, 7, 20
42, 7, 20
43, 7, 20
44, 7, 20
45, 7, 20
46, 7, 20
4, 7, 21
5, 7, 21
6, 7, 21
7, 7, 21
8, 7, 21
9, 7, 21
10, 7, 21
11, 7, 21
12, 7, 21
13, 7, 21
14, 7, 21
15, 7, 21
16, 7, 21
17, 7, 21
19, 7, 21
20, 7, 21
21, 7, 21
22, 7, 21
23, 7, 21
24, 7, 21
25, 7, 21
26, 7, 21
27, 7, 21
28, 7, 21
29, 7, 21
30, 7, 21
31, 7, 21
32, 7, 21
33, 7, 21
34, 7, 21
35, 7, 21
36, 7, 21
40, 7, 21
41, 7, 21
42, 7, 21
43, 7, 21
4, 8, 0
5, 8, 0
6, 8, 0
7, 8, 0
8, 8, 0
9, 8, 0
10, 8, 0
11, 8, 0
12, 8, 0
13, 8, 0
14, 8, 0
15, 8, 0
16, 8, 0
33, 8, 0
34, 8, 0
35, 8, 0
36, 8, 0
37, 8, 0
38, 8, 0
39, 8, 0
40, 8, 0
41, 8, 0
42, 8, 0
1, 8, 1
2, 8, 1
3, 8, 1
4, 8, 1
5, 8, 1
6, 8, 1
7, 8, 1
8, 8, 1
9, 8, 1
10, 8, 1
11, 8, 1
12, 8, 1
13, 8, 1
14, 8, 1
15, 8, 1
16, 8, 1
17, 8, 1
18, 8, 1
19, 8, 1
20, 8, 1
21, 8, 1
22, 8, 1
23, 8, 1
24, 8, 1
25, 8, 1
26, 8, 1
27, 8, 1
28, 8, 1
29, 8, 1
30, 8, 1
31, 8, 1
32, 8, 1
33, 8, 1
34, 8, 1
35, 8, 1
36, 8, 1
37, 8, 1
38, 8, 1
39, 8, 1
40, 8, 1
41, 8, 1
42, 8, 1
43, 8, 1
44, 8, 1
45, 8, 1
46, 8, 1
0, 8, 2
1, 8, 2
2, 8, 2
3, 8, 2
4, 8, 2
5, 8, 2
6, 8, 2
7, 8, 2
8, 8, 2
9, 8, 2
10, 8, 2
11, 8, 2
12, 8, 2
13, 8, 2
14, 8, 2
15, 8, 2
16, 8, 2
17, 8, 2
18, 8, 2
19, 8, 2
20, 8, 2
21, 8, 2
22, 8, 2
23, 8, 2
24, 8, 2
25, 8, 2
26, 8, 2
27, 8, 2
28, 8, 2
29, 8, 2
30, 8, 2
31, 8, 2
32, 8, 2
33, 8, 2
34, 8, 2
35, 8, 2
36, 8, 2
37, 8, 2
38, 8, 2
39, 8, 2
40, 8, 2
41, 8, 2
42, 8, 2
43, 8, 2
44, 8, 2
45, 8, 2
46, 8, 2
47, 8, 2
0, 8, 3
1, 8, 3
2, 8, 3
3, 8, 3
4, 8, 3
5, 8, 3
6, 8, 3
7, 8, 3
8, 8, 3
9, 8, 3
10, 8, 3
11, 8, 3
12, 8, 3
13, 8, 3
14, 8, 3
15, 8, 3
16, 8, 3
17, 8, 3
18, 8, 3
19, 8, 3
20, 8, 3
21, 8, 3
22, 8, 3
23, 8, 3
24, 8, 3
25, 8, 3
26, 8, 3
27, 8, 3
28, 8, 3
29, 8, 3
30, 8, 3
31, 8, 3
32, 8, 3
33, 8, 3
34, 8, 3
35, 8, 3
36, 8, 3
37, 8, 3
38, 8, 3
39, 8, 3
40, 8, 3
41, 8, 3
42, 8, 3
43, 8, 3
44, 8, 3
45, 8, 3
46, 8, 3
47, 8, 3
48, 8, 3
0, 8, 4
1, 8, 4
2, 8, 4
3, 8, 4
4, 8, 4
5, 8, 4
6, 8, 4
7, 8, 4
8, 8, 4
9, 8, 4
10, 8, 4
11, 8, 4
12, 8, 4
13, 8, 4
14, 8, 4
15, 8, 4
16, 8, 4
17, 8, 4
18, 8, 4
19, 8, 4
20, 8, 4
21, 8, 4
22, 8, 4
23, 8, 4
24, 8, 4
25, 8, 4
26, 8, 4
27, 8, 4
28, 8, 4
29, 8, 4
30, 8, 4
31, 8, 4
32, 8, 4
33, 8, 4
34, 8, 4
35, 8, 4
36, 8, 4
37, 8, 4
38, 8, 4
39, 8, 4
40, 8, 4
41, 8, 4
42, 8, 4
43, 8, 4
44, 8, 4
45, 8, 4
46, 8, 4
47, 8, 4
1, 8, 5
2, 8, 5
3, 8, 5
4, 8, 5
5, 8, 5
6, 8, 5
7, 8, 5
8, 8, 5
9, 8, 5
10, 8, 5
11, 8, 5
12, 8, 5
13, 8, 5
14, 8, 5
15, 8, 5
16, 8, 5
17, 8, 5
18, 8, 5
19, 8, 5
20, 8, 5
21, 8, 5
22, 8, 5
23, 8, 5
24, 8, 5
25, 8, 5
26, 8, 5
27, 8, 5
28, 8, 5
29, 8, 5
30, 8, 5
31, 8, 5
32, 8, 5
33, 8, 5
34, 8, 5
35, 8, 5
36, 8, 5
37, 8, 5
38, 8, 5
39, 8, 5
40, 8, 5
41, 8, 5
42, 8, 5
43, 8, 5
44, 8, 5
45, 8, 5
46, 8, 5
47, 8, 5
0, 8, 6
1, 8, 6
2, 8, 6
3, 8, 6
4, 8, 6
5, 8, 6
6, 8, 6
7, 8, 6
8, 8, 6
9, 8, 6
10, 8, 6
11, 8, 6
12, 8, 6
13, 8, 6
14, 8, 6
15, 8, 6
16, 8, 6
17, 8, 6
18, 8, 6
19, 8, 6
20, 8, 6
21, 8, 6
22, 8, 6
23, 8, 6
24, 8, 6
25, 8, 6
26, 8, 6
27, 8, 6
28, 8, 6
29, 8, 6
30, 8, 6
31, 8, 6
32, 8, 6
33, 8, 6
34, 8, 6
35, 8, 6
36, 8, 6
37, 8, 6
38, 8, 6
39, 8, 6
40, 8, 6
41, 8, 6
42, 8, 6
43, 8, 6
44, 8, 6
45, 8, 6
46, 8, 6
47, 8, 6
0, 8, 7
1, 8, 7
2, 8, 7
3, 8, 7
4, 8, 7
5, 8, 7
6, 8, 7
7, 8, 7
8, 8, 7
9, 8, 7
10, 8, 7
11, 8, 7
12, 8, 7
13, 8, 7
14, 8, 7
15, 8, 7
16, 8, 7
17, 8, 7
18, 8, 7
19, 8, 7
20, 8, 7
21, 8, 7
22, 8, 7
23, 8, 7
24, 8, 7
25, 8, 7
26, 8, 7
27, 8, 7
28, 8, 7
29, 8, 7
30, 8, 7
31, 8, 7
32, 8, 7
33, 8, 7
34, 8, 7
35, 8, 7
36, 8, 7
37, 8, 7
38, 8, 7
39, 8, 7
40, 8, 7
41, 8, 7
42, 8, 7
43, 8, 7
44, 8, 7
45, 8, 7
46, 8, 7
47, 8, 7
48, 8, 7
0, 8, 8
1, 8, 8
2, 8, 8
3, 8, 8
4, 8, 8
5, 8, 8
6, 8, 8
7, 8, 8
8, 8, 8
9, 8, 8
10, 8, 8
11, 8, 8
12, 8, 8
13, 8, 8
14, 8, 8
15, 8, 8
16, 8, 8
17, 8, 8
18, 8, 8
19, 8, 8
20, 8, 8
21, 8, 8
22, 8, 8
23, 8, 8
24, 8, 8
25, 8, 8
26, 8, 8
27, 8, 8
28, 8, 8
29, 8, 8
30, 8, 8
31, 8, 8
32, 8, 8
33, 8, 8
34, 8, 8
35, 8, 8
36, 8, 8
37, 8, 8
38, 8, 8
39, 8, 8
40, 8, 8
41, 8, 8
42, 8, 8
43, 8, 8
44, 8, 8
45, 8, 8
46, 8, 8
47, 8, 8
48, 8, 8
0, 8, 9
1, 8, 9
2, 8, 9
3, 8, 9
4, 8, 9
5, 8, 9
6, 8, 9
7, 8, 9
8, 8, 9
9, 8, 9
10, 8, 9
11, 8, 9
12, 8, 9
13, 8, 9
14, 8, 9
15, 8, 9
16, 8, 9
17, 8, 9
18, 8, 9
19, 8, 9
20, 8, 9
21, 8, 9
22, 8, 9
23, 8, 9
24, 8, 9
25, 8, 9
26, 8, 9
27, 8, 9
28, 8, 9
29, 8, 9
30, 8, 9
31, 8, 9
32, 8, 9
33, 8, 9
34, 8, 9
35, 8, 9
36, 8, 9
37, 8, 9
38, 8, 9
39, 8, 9
40, 8, 9
41, 8, 9
42, 8, 9
43, 8, 9
44, 8, 9
45, 8, 9
46, 8, 9
47, 8, 9
48, 8, 9
0, 8, 10
1, 8, 10
2, 8, 10
3, 8, 10
4, 8, 10
5, 8, 10
6, 8, 10
7, 8, 10
8, 8, 10
9, 8, 10
10, 8, 10
11, 8, 10
12, 8, 10
13, 8, 10
14, 8, 10
15, 8, 10
16, 8, 10
17, 8, 10
18, 8, 10
19, 8, 10
20, 8, 10
21, 8, 10
22, 8, 10
23, 8, 10
24, 8, 10
25, 8, 10
26, 8, 10
27, 8, 10
28, 8, 10
29, 8, 10
30, 8, 10
31, 8, 10
32, 8, 10
33, 8, 10
34, 8, 10
35, 8, 10
36, 8, 10
37, 8, 10
38, 8, 10
39, 8, 10
40, 8, 10
41, 8, 10
42, 8, 10
43, 8, 10
44, 8, 10
45, 8, 10
46, 8, 10
47, 8, 10
48, 8, 10
0, 8, 11
1, 8, 11
2, 8, 11
3, 8, 11
4, 8, 11
5, 8, 11
6, 8, 11
7, 8, 11
8, 8, 11
9, 8, 11
10, 8, 11
11, 8, 11
12, 8, 11
13, 8, 11
14, 8, 11
15, 8, 11
16, 8, 11
17, 8, 11
18, 8, 11
19, 8, 11
20, 8, 11
21, 8, 11
22, 8, 11
23, 8, 11
24, 8, 11
25, 8, 11
26, 8, 11
27, 8, 11
28, 8, 11
29, 8, 11
30, 8, 11
31, 8, 11
32, 8, 11
33, 8, 11
34, 8, 11
35, 8, 11
36, 8, 11
37, 8, 11
38, 8, 11
39, 8, 11
40, 8, 11
41, 8, 11
42, 8, 11
43, 8, 11
44, 8, 11
45, 8, 11
46, 8, 11
47, 8, 11
48, 8, 11
0, 8, 12
1, 8, 12
2, 8, 12
3, 8, 12
4, 8, 12
5, 8, 12
6, 8, 12
7, 8, 12
8, 8, 12
9, 8, 12
10, 8, 12
11, 8, 12
12, 8, 12
13, 8, 12
14, 8, 12
15, 8, 12
16, 8, 12
17, 8, 12
18, 8, 12
19, 8, 12
20, 8, 12
21, 8, 12
22, 8, 12
23, 8, 12
24, 8, 12
25, 8, 12
26, 8, 12
27, 8, 12
28, 8, 12
29, 8, 12
30, 8, 12
31, 8, 12
32, 8, 12
33, 8, 12
34, 8, 12
35, 8, 12
36, 8, 12
37, 8, 12
38, 8, 12
39, 8, 12
40, 8, 12
41, 8, 12
42, 8, 12
43, 8, 12
44, 8, 12
45, 8, 12
46, 8, 12
47, 8, 12
48, 8, 12
0, 8, 13
1, 8, 13
2, 8, 13
3, 8, 13
4, 8, 13
5, 8, 13
6, 8, 13
7, 8, 13
8, 8, 13
9, 8, 13
10, 8, 13
11, 8, 13
12, 8, 13
13, 8, 13
14, 8, 13
15, 8, 13
16, 8, 13
17, 8, 13
18, 8, 13
19, 8, 13
20, 8, 13
21, 8, 13
22, 8, 13
23, 8, 13
24, 8, 13
25, 8, 13
26, 8, 13
27, 8, 13
28, 8, 13
29, 8, 13
30, 8, 13
31, 8, 13
32, 8, 13
33, 8, 13
34, 8, 13
35, 8, 13
36, 8, 13
37, 8, 13
38, 8, 13
39, 8, 13
40, 8, 13
41, 8, 13
42, 8, 13
43, 8, 13
44, 8, 13
45, 8, 13
46, 8, 13
47, 8, 13
48, 8, 13
0, 8, 14
1, 8, 14
2, 8, 14
3, 8, 14
4, 8, 14
5, 8, 14
6, 8, 14
7, 8, 14
8, 8, 14
9, 8, 14
10, 8, 14
11, 8, 14
12, 8, 14
13, 8, 14
14, 8, 14
15, 8, 14
16, 8, 14
17, 8, 14
18, 8, 14
19, 8, 14
20, 8, 14
21, 8, 14
22, 8, 14
23, 8, 14
24, 8, 14
25, 8, 14
26, 8, 14
27, 8, 14
28, 8, 14
29, 8, 14
30, 8, 14
31, 8, 14
32, 8, 14
33, 8, 14
34, 8, 14
35, 8, 14
36, 8, 14
37, 8, 14
38, 8, 14
39, 8, 14
40, 8, 14
41, 8, 14
42, 8, 14
43, 8, 14
44, 8, 14
45, 8, 14
46, 8, 14
47, 8, 14
48, 8, 14
0, 8, 15
1, 8, 15
2, 8, 15
3, 8, 15
4, 8, 15
5, 8, 15
6, 8, 15
7, 8, 15
8, 8, 15
9, 8, 15
10, 8, 15
11, 8, 15
12, 8, 15
13, 8, 15
14, 8, 15
15, 8, 15
16, 8, 15
17, 8, 15
18, 8, 15
19, 8, 15
20, 8, 15
21, 8, 15
22, 8, 15
23, 8, 15
24, 8, 15
25, 8, 15
26, 8, 15
27, 8, 15
28, 8, 15
29, 8, 15
30, 8, 15
31, 8, 15
32, 8, 15
33, 8, 15
34, 8, 15
35, 8, 15
36, 8, 15
37, 8, 15
38, 8, 15
39, 8, 15
40, 8, 15
41, 8, 15
42, 8, 15
43, 8, 15
44, 8, 15
45, 8, 15
46, 8, 15
47, 8, 15
1, 8, 16
2, 8, 16
3, 8, 16
4, 8, 16
5, 8, 16
6, 8, 16
7, 8, 16
8, 8, 16
9, 8, 16
10, 8, 16
11, 8, 16
12, 8, 16
13, 8, 16
14, 8, 16
15, 8, 16
16, 8, 16
17, 8, 16
18, 8, 16
19, 8, 16
20, 8, 16
21, 8, 16
22, 8, 16
23, 8, 16
24, 8, 16
25, 8, 16
26, 8, 16
27, 8, 16
28, 8, 16
29, 8, 16
30, 8, 16
31, 8, 16
32, 8, 16
33, 8, 16
34, 8, 16
35, 8, 16
36, 8, 16
37, 8, 16
38, 8, 16
39, 8, 16
40, 8, 16
41, 8, 16
42, 8, 16
43, 8, 16
44, 8, 16
45, 8, 16
46, 8, 16
47, 8, 16
0, 8, 17
1, 8, 17
2, 8, 17
3, 8, 17
4, 8, 17
5, 8, 17
6, 8, 17
7, 8, 17
8, 8, 17
9, 8, 17
10, 8, 17
11, 8, 17
12, 8, 17
13, 8, 17
14, 8, 17
15, 8, 17
16, 8, 17
17, 8, 17
18, 8, 17
19, 8, 17
20, 8, 17
21, 8, 17
22, 8, 17
23, 8, 17
24, 8, 17
25, 8, 17
26, 8, 17
27, 8, 17
28, 8, 17
29, 8, 17
30, 8, 17
31, 8, 17
32, 8, 17
33, 8, 17
34, 8, 17
35, 8, 17
36, 8, 17
37, 8, 17
38, 8, 17
39, 8, 17
40, 8, 17
41, 8, 17
42, 8, 17
43, 8, 17
44, 8, 17
45, 8, 17
46, 8, 17
47, 8, 17
0, 8, 18
1, 8, 18
2, 8, 18
3, 8, 18
4, 8, 18
5, 8, 18
6, 8, 18
7, 8, 18
8, 8, 18
9, 8, 18
10, 8, 18
11, 8, 18
12, 8, 18
13, 8, 18
14, 8, 18
15, 8, 18
16, 8, 18
17, 8, 18
18, 8, 18
19, 8, 18
20, 8, 18
21, 8, 18
22, 8, 18
23, 8, 18
24, 8, 18
25, 8, 18
26, 8, 18
27, 8, 18
28, 8, 18
29, 8, 18
30, 8, 18
31, 8, 18
32, 8, 18
33, 8, 18
34, 8, 18
35, 8, 18
36, 8, 18
37, 8, 18
38, 8, 18
39, 8, 18
40, 8, 18
41, 8, 18
42, 8, 18
43, 8, 18
44, 8, 18
45, 8, 18
46, 8, 18
47, 8, 18
48, 8, 18
0, 8, 19
1, 8, 19
2, 8, 19
3, 8, 19
4, 8, 19
5, 8, 19
6, 8, 19
7, 8, 19
8, 8, 19
9, 8, 19
10, 8, 19
11, 8, 19
12, 8, 19
13, 8, 19
14, 8, 19
15, 8, 19
16, 8, 19
17, 8, 19
18, 8, 19
19, 8, 19
20, 8, 19
21, 8, 19
22, 8, 19
23, 8, 19
24, 8, 19
25, 8, 19
26, 8, 19
27, 8, 19
28, 8, 19
29, 8, 19
30, 8, 19
31, 8, 19
32, 8, 19
33, 8, 19
34, 8, 19
35, 8, 19
36, 8, 19
37, 8, 19
38, 8, 19
39, 8, 19
40, 8, 19
41, 8, 19
42, 8, 19
43, 8, 19
44, 8, 19
45, 8, 19
46, 8, 19
47, 8, 19
1, 8, 20
2, 8, 20
3, 8, 20
4, 8, 20
5, 8, 20
6, 8, 20
7, 8, 20
8, 8, 20
9, 8, 20
10, 8, 20
11, 8, 20
12, 8, 20
13, 8, 20
14, 8, 20
15, 8, 20
16, 8, 20
17, 8, 20
18, 8, 20
19, 8, 20
20, 8, 20
21, 8, 20
22, 8, 20
23, 8, 20
24, 8, 20
25, 8, 20
26, 8, 20
27, 8, 20
28, 8, 20
29, 8, 20
30, 8, 20
31, 8, 20
32, 8, 20
33, 8, 20
34, 8, 20
35, 8, 20
36, 8, 20
37, 8, 20
38, 8, 20
39, 8, 20
40, 8, 20
41, 8, 20
42, 8, 20
43, 8, 20
44, 8, 20
45, 8, 20
46, 8, 20
4, 8, 21
5, 8, 21
6, 8, 21
7, 8, 21
8, 8, 21
9, 8, 21
10, 8, 21
11, 8, 21
12, 8, 21
13, 8, 21
14, 8, 21
15, 8, 21
16, 8, 21
33, 8, 21
34, 8, 21
35, 8, 21
36, 8, 21
37, 8, 21
38, 8, 21
39, 8, 21
40, 8, 21
41, 8, 21
42, 8, 21
34, 9, 0
35, 9, 0
36, 9, 0
37, 9, 0
38, 9, 0
39, 9, 0
2, 9, 1
3, 9, 1
4, 9, 1
5, 9, 1
6, 9, 1
7, 9, 1
8, 9, 1
9, 9, 1
10, 9, 1
11, 9, 1
12, 9, 1
13, 9, 1
14, 9, 1
15, 9, 1
16, 9, 1
17, 9, 1
18, 9, 1
19, 9, 1
20, 9, 1
21, 9, 1
22, 9, 1
23, 9, 1
24, 9, 1
25, 9, 1
26, 9, 1
27, 9, 1
28, 9, 1
29, 9, 1
30, 9, 1
31, 9, 1
32, 9, 1
33, 9, 1
34, 9, 1
35, 9, 1
36, 9, 1
37, 9, 1
38, 9, 1
39, 9, 1
40, 9, 1
41, 9, 1
42, 9, 1
43, 9, 1
44, 9, 1
0, 9, 2
1, 9, 2
2, 9, 2
3, 9, 2
4, 9, 2
5, 9, 2
6, 9, 2
7, 9, 2
8, 9, 2
9, 9, 2
10, 9, 2
11, 9, 2
12, 9, 2
13, 9, 2
14, 9, 2
15, 9, 2
16, 9, 2
17, 9, 2
18, 9, 2
19, 9, 2
20, 9, 2
21, 9, 2
22, 9, 2
23, 9, 2
24, 9, 2
25, 9, 2
26, 9, 2
27, 9, 2
28, 9, 2
29, 9, 2
30, 9, 2
31, 9, 2
32, 9, 2
33, 9, 2
34, 9, 2
35, 9, 2
36, 9, 2
37, 9, 2
38, 9, 2
39, 9, 2
40, 9, 2
41, 9, 2
42, 9, 2
43, 9, 2
44, 9, 2
45, 9, 2
46, 9, 2
0, 9, 3
1, 9, 3
2, 9, 3
3, 9, 3
4, 9, 3
5, 9, 3
6, 9, 3
7, 9, 3
8, 9, 3
9, 9, 3
10, 9, 3
11, 9, 3
12, 9, 3
13, 9, 3
14, 9, 3
15, 9, 3
16, 9, 3
17, 9, 3
18, 9, 3
19, 9, 3
20, 9, 3
21, 9, 3
22, 9, 3
23, 9, 3
24, 9, 3
25, 9, 3
26, 9, 3
27, 9, 3
28, 9, 3
29, 9, 3
30, 9, 3
31, 9, 3
32, 9, 3
33, 9, 3
34, 9, 3
35, 9, 3
36, 9, 3
37, 9, 3
38, 9, 3
39, 9, 3
40, 9, 3
41, 9, 3
42, 9, 3
43, 9, 3
44, 9, 3
45, 9, 3
46, 9, 3
47, 9, 3
0, 9, 4
1, 9, 4
2, 9, 4
3, 9, 4
4, 9, 4
5, 9, 4
6, 9, 4
7, 9, 4
8, 9, 4
9, 9, 4
10, 9, 4
11, 9, 4
12, 9, 4
13, 9, 4
14, 9, 4
15, 9, 4
16, 9, 4
17, 9, 4
18, 9, 4
19, 9, 4
20, 9, 4
21, 9, 4
22, 9, 4
23, 9, 4
24, 9, 4
25, 9, 4
26, 9, 4
27, 9, 4
28, 9, 4
29, 9, 4
30, 9, 4
31, 9, 4
32, 9, 4
33, 9, 4
34, 9, 4
35, 9, 4
36, 9, 4
37, 9, 4
38, 9, 4
39, 9, 4
40, 9, 4
41, 9, 4
42, 9, 4
43, 9, 4
44, 9, 4
45, 9, 4
46, 9, 4
2, 9, 5
3, 9, 5
4, 9, 5
5, 9, 5
6, 9, 5
7, 9, 5
8, 9, 5
9, 9, 5
10, 9, 5
11, 9, 5
12, 9, 5
13, 9, 5
14, 9, 5
15, 9, 5
16, 9, 5
17, 9, 5
18, 9, 5
19, 9, 5
20, 9, 5
21, 9, 5
22, 9, 5
23, 9, 5
24, 9, 5
25, 9, 5
26, 9, 5
27, 9, 5
28, 9, 5
29, 9, 5
30, 9, 5
31, 9, 5
32, 9, 5
33, 9, 5
34, 9, 5
35, 9, 5
36, 9, 5
37, 9, 5
38, 9, 5
39, 9, 5
40, 9, 5
41, 9, 5
42, 9, 5
43, 9, 5
44, 9, 5
45, 9, 5
46, 9, 5
2, 9, 6
3, 9, 6
4, 9, 6
5, 9, 6
6, 9, 6
7, 9, 6
8, 9, 6
9, 9, 6
10, 9, 6
11, 9, 6
12, 9, 6
13, 9, 6
14, 9, 6
15, 9, 6
16, 9, 6
17, 9, 6
18, 9, 6
19, 9, 6
20, 9, 6
21, 9, 6
22, 9, 6
23, 9, 6
24, 9, 6
25, 9, 6
26, 9, 6
27, 9, 6
28, 9, 6
29, 9, 6
30, 9, 6
31, 9, 6
32, 9, 6
33, 9, 6
34, 9, 6
35, 9, 6
36, 9, 6
37, 9, 6
38, 9, 6
39, 9, 6
40, 9, 6
41, 9, 6
42, 9, 6
43, 9, 6
44, 9, 6
45, 9, 6
46, 9, 6
47, 9, 6
2, 9, 7
3, 9, 7
4, 9, 7
5, 9, 7
6, 9, 7
7, 9, 7
8, 9, 7
9, 9, 7
10, 9, 7
11, 9, 7
12, 9, 7
13, 9, 7
14, 9, 7
15, 9, 7
16, 9, 7
17, 9, 7
18, 9, 7
19, 9, 7
20, 9, 7
21, 9, 7
22, 9, 7
23, 9, 7
24, 9, 7
25, 9, 7
26, 9, 7
27, 9, 7
28, 9, 7
29, 9, 7
30, 9, 7
31, 9, 7
32, 9, 7
33, 9, 7
34, 9, 7
35, 9, 7
36, 9, 7
37, 9, 7
38, 9, 7
39, 9, 7
40, 9, 7
41, 9, 7
42, 9, 7
43, 9, 7
44, 9, 7
45, 9, 7
46, 9, 7
47, 9, 7
1, 9, 8
2, 9, 8
3, 9, 8
4, 9, 8
5, 9, 8
6, 9, 8
7, 9, 8
8, 9, 8
9, 9, 8
10, 9, 8
11, 9, 8
12, 9, 8
13, 9, 8
14, 9, 8
15, 9, 8
16, 9, 8
17, 9, 8
18, 9, 8
19, 9, 8
20, 9, 8
21, 9, 8
22, 9, 8
23, 9, 8
24, 9, 8
25, 9, 8
26, 9, 8
27, 9, 8
28, 9, 8
29, 9, 8
30, 9, 8
31, 9, 8
32, 9, 8
33, 9, 8
34, 9, 8
35, 9, 8
36, 9, 8
37, 9, 8
38, 9, 8
39, 9, 8
40, 9, 8
41, 9, 8
42, 9, 8
43, 9, 8
44, 9, 8
45, 9, 8
46, 9, 8
47, 9, 8
1, 9, 9
2, 9, 9
3, 9, 9
4, 9, 9
5, 9, 9
6, 9, 9
7, 9, 9
8, 9, 9
9, 9, 9
10, 9, 9
11, 9, 9
12, 9, 9
13, 9, 9
14, 9, 9
15, 9, 9
16, 9, 9
17, 9, 9
18, 9, 9
19, 9, 9
20, 9, 9
21, 9, 9
22, 9, 9
23, 9, 9
24, 9, 9
25, 9, 9
26, 9, 9
27, 9, 9
28, 9, 9
29, 9, 9
30, 9, 9
31, 9, 9
32, 9, 9
33, 9, 9
34, 9, 9
35, 9, 9
36, 9, 9
37, 9, 9
38, 9, 9
39, 9, 9
40, 9, 9
41, 9, 9
42, 9, 9
43, 9, 9
44, 9, 9
45, 9, 9
46, 9, 9
47, 9, 9
1, 9, 10
2, 9, 10
3, 9, 10
4, 9, 10
5, 9, 10
6, 9, 10
7, 9, 10
8, 9, 10
9, 9, 10
10, 9, 10
11, 9, 10
12, 9, 10
13, 9, 10
14, 9, 10
15, 9, 10
16, 9, 10
17, 9, 10
18, 9, 10
19, 9, 10
20, 9, 10
21, 9, 10
22, 9, 10
23, 9, 10
24, 9, 10
25, 9, 10
26, 9, 10
27, 9, 10
28, 9, 10
29, 9, 10
30, 9, 10
31, 9, 10
32, 9, 10
33, 9, 10
34, 9, 10
35, 9, 10
36, 9, 10
37, 9, 10
38, 9, 10
39, 9, 10
40, 9, 10
41, 9, 10
42, 9, 10
43, 9, 10
44, 9, 10
45, 9, 10
46, 9, 10
47, 9, 10
1, 9, 11
2, 9, 11
3, 9, 11
4, 9, 11
5, 9, 11
6, 9, 11
7, 9, 11
8, 9, 11
9, 9, 11
10, 9, 11
11, 9, 11
12, 9, 11
13, 9, 11
14, 9, 11
15, 9, 11
16, 9, 11
17, 9, 11
18, 9, 11
19, 9, 11
20, 9, 11
21, 9, 11
22, 9, 11
23, 9, 11
24, 9, 11
25, 9, 11
26, 9, 11
27, 9, 11
28, 9, 11
29, 9, 11
30, 9, 11
31, 9, 11
32, 9, 11
33, 9, 11
34, 9, 11
35, 9, 11
36, 9, 11
37, 9, 11
38, 9, 11
39, 9, 11
40, 9, 11
41, 9, 11
42, 9, 11
43, 9, 11
44, 9, 11
45, 9, 11
46, 9, 11
47, 9, 11
1, 9, 12
2, 9, 12
3, 9, 12
4, 9, 12
5, 9, 12
6, 9, 12
7, 9, 12
8, 9, 12
9, 9, 12
10, 9, 12
11, 9, 12
12, 9, 12
13, 9, 12
14, 9, 12
15, 9, 12
16, 9, 12
17, 9, 12
18, 9, 12
19, 9, 12
20, 9, 12
21, 9, 12
22, 9, 12
23, 9, 12
24, 9, 12
25, 9, 12
26, 9, 12
27, 9, 12
28, 9, 12
29, 9, 12
30, 9, 12
31, 9, 12
32, 9, 12
33, 9, 12
34, 9, 12
35, 9, 12
36, 9, 12
37, 9, 12
38, 9, 12
39, 9, 12
40, 9, 12
41, 9, 12
42, 9, 12
43, 9, 12
44, 9, 12
45, 9, 12
46, 9, 12
47, 9, 12
1, 9, 13
2, 9, 13
3, 9, 13
4, 9, 13
5, 9, 13
6, 9, 13
7, 9, 13
8, 9, 13
9, 9, 13
10, 9, 13
11, 9, 13
12, 9, 13
13, 9, 13
14, 9, 13
15, 9, 13
16, 9, 13
17, 9, 13
18, 9, 13
19, 9, 13
20, 9, 13
21, 9, 13
22, 9, 13
23, 9, 13
24, 9, 13
25, 9, 13
26, 9, 13
27, 9, 13
28, 9, 13
29, 9, 13
30, 9, 13
31, 9, 13
32, 9, 13
33, 9, 13
34, 9, 13
35, 9, 13
36, 9, 13
37, 9, 13
38, 9, 13
39, 9, 13
40, 9, 13
41, 9, 13
42, 9, 13
43, 9, 13
44, 9, 13
45, 9, 13
46, 9, 13
47, 9, 13
2, 9, 14
3, 9, 14
4, 9, 14
5, 9, 14
6, 9, 14
7, 9, 14
8, 9, 14
9, 9, 14
10, 9, 14
11, 9, 14
12, 9, 14
13, 9, 14
14, 9, 14
15, 9, 14
16, 9, 14
17, 9, 14
18, 9, 14
19, 9, 14
20, 9, 14
21, 9, 14
22, 9, 14
23, 9, 14
24, 9, 14
25, 9, 14
26, 9, 14
27, 9, 14
28, 9, 14
29, 9, 14
30, 9, 14
31, 9, 14
32, 9, 14
33, 9, 14
34, 9, 14
35, 9, 14
36, 9, 14
37, 9, 14
38, 9, 14
39, 9, 14
40, 9, 14
41, 9, 14
42, 9, 14
43, 9, 14
44, 9, 14
45, 9, 14
46, 9, 14
47, 9, 14
2, 9, 15
3, 9, 15
4, 9, 15
5, 9, 15
6, 9, 15
7, 9, 15
8, 9, 15
9, 9, 15
10, 9, 15
11, 9, 15
12, 9, 15
13, 9, 15
14, 9, 15
15, 9, 15
16, 9, 15
17, 9, 15
18, 9, 15
19, 9, 15
20, 9, 15
21, 9, 15
22, 9, 15
23, 9, 15
24, 9, 15
25, 9, 15
26, 9, 15
27, 9, 15
28, 9, 15
29, 9, 15
30, 9, 15
31, 9, 15
32, 9, 15
33, 9, 15
34, 9, 15
35, 9, 15
36, 9, 15
37, 9, 15
38, 9, 15
39, 9, 15
40, 9, 15
41, 9, 15
42, 9, 15
43, 9, 15
44, 9, 15
45, 9, 15
46, 9, 15
47, 9, 15
2, 9, 16
3, 9, 16
4, 9, 16
5, 9, 16
6, 9, 16
7, 9, 16
8, 9, 16
9, 9, 16
10, 9, 16
11, 9, 16
12, 9, 16
13, 9, 16
14, 9, 16
15, 9, 16
16, 9, 16
17, 9, 16
18, 9, 16
19, 9, 16
20, 9, 16
21, 9, 16
22, 9, 16
23, 9, 16
24, 9, 16
25, 9, 16
26, 9, 16
27, 9, 16
28, 9, 16
29, 9, 16
30, 9, 16
31, 9, 16
32, 9, 16
33, 9, 16
34, 9, 16
35, 9, 16
36, 9, 16
37, 9, 16
38, 9, 16
39, 9, 16
40, 9, 16
41, 9, 16
42, 9, 16
43, 9, 16
44, 9, 16
45, 9, 16
46, 9, 16
0, 9, 17
1, 9, 17
2, 9, 17
3, 9, 17
4, 9, 17
5, 9, 17
6, 9, 17
7, 9, 17
8, 9, 17
9, 9, 17
10, 9, 17
11, 9, 17
12, 9, 17
13, 9, 17
14, 9, 17
15, 9, 17
16, 9, 17
17, 9, 17
18, 9, 17
19, 9, 17
20, 9, 17
21, 9, 17
22, 9, 17
23, 9, 17
24, 9, 17
25, 9, 17
26, 9, 17
27, 9, 17
28, 9, 17
29, 9, 17
30, 9, 17
31, 9, 17
32, 9, 17
33, 9, 17
34, 9, 17
35, 9, 17
36, 9, 17
37, 9, 17
38, 9, 17
39, 9, 17
40, 9, 17
41, 9, 17
42, 9, 17
43, 9, 17
44, 9, 17
45, 9, 17
46, 9, 17
0, 9, 18
1, 9, 18
2, 9, 18
3, 9, 18
4, 9, 18
5, 9, 18
6, 9, 18
7, 9, 18
8, 9, 18
9, 9, 18
10, 9, 18
11, 9, 18
12, 9, 18
13, 9, 18
14, 9, 18
15, 9, 18
16, 9, 18
17, 9, 18
18, 9, 18
19, 9, 18
20, 9, 18
21, 9, 18
22, 9, 18
23, 9, 18
24, 9, 18
25, 9, 18
26, 9, 18
27, 9, 18
28, 9, 18
29, 9, 18
30, 9, 18
31, 9, 18
32, 9, 18
33, 9, 18
34, 9, 18
35, 9, 18
36, 9, 18
37, 9, 18
38, 9, 18
39, 9, 18
40, 9, 18
41, 9, 18
42, 9, 18
43, 9, 18
44, 9, 18
45, 9, 18
46, 9, 18
47, 9, 18
0, 9, 19
1, 9, 19
2, 9, 19
3, 9, 19
4, 9, 19
5, 9, 19
6, 9, 19
7, 9, 19
8, 9, 19
9, 9, 19
10, 9, 19
11, 9, 19
12, 9, 19
13, 9, 19
14, 9, 19
15, 9, 19
16, 9, 19
17, 9, 19
18, 9, 19
19, 9, 19
20, 9, 19
21, 9, 19
22, 9, 19
23, 9, 19
24, 9, 19
25, 9, 19
26, 9, 19
27, 9, 19
28, 9, 19
29, 9, 19
30, 9, 19
31, 9, 19
32, 9, 19
33, 9, 19
34, 9, 19
35, 9, 19
36, 9, 19
37, 9, 19
38, 9, 19
39, 9, 19
40, 9, 19
41, 9, 19
42, 9, 19
43, 9, 19
44, 9, 19
45, 9, 19
46, 9, 19
2, 9, 20
3, 9, 20
4, 9, 20
5, 9, 20
6, 9, 20
7, 9, 20
8, 9, 20
9, 9, 20
10, 9, 20
11, 9, 20
12, 9, 20
13, 9, 20
14, 9, 20
15, 9, 20
16, 9, 20
17, 9, 20
18, 9, 20
19, 9, 20
20, 9, 20
21, 9, 20
22, 9, 20
23, 9, 20
24, 9, 20
25, 9, 20
26, 9, 20
27, 9, 20
28, 9, 20
29, 9, 20
30, 9, 20
31, 9, 20
32, 9, 20
33, 9, 20
34, 9, 20
35, 9, 20
36, 9, 20
37, 9, 20
38, 9, 20
39, 9, 20
40, 9, 20
41, 9, 20
42, 9, 20
43, 9, 20
44, 9, 20
34, 9, 21
35, 9, 21
36, 9, 21
37, 9, 21
38, 9, 21
39, 9, 21
21, 10, 0
9, 10, 1
10, 10, 1
11, 10, 1
12, 10, 1
21, 10, 1
35, 10, 1
36, 10, 1
37, 10, 1
38, 10, 1
39, 10, 1
40, 10, 1
4, 10, 2
5, 10, 2
6, 10, 2
7, 10, 2
8, 10, 2
9, 10, 2
10, 10, 2
11, 10, 2
12, 10, 2
13, 10, 2
14, 10, 2
15, 10, 2
16, 10, 2
17, 10, 2
18, 10, 2
19, 10, 2
20, 10, 2
21, 10, 2
22, 10, 2
23, 10, 2
24, 10, 2
25, 10, 2
26, 10, 2
27, 10, 2
28, 10, 2
29, 10, 2
30, 10, 2
31, 10, 2
32, 10, 2
33, 10, 2
34, 10, 2
35, 10, 2
36, 10, 2
37, 10, 2
38, 10, 2
39, 10, 2
40, 10, 2
41, 10, 2
42, 10, 2
43, 10, 2
4, 10, 3
5, 10, 3
6, 10, 3
7, 10, 3
8, 10, 3
9, 10, 3
10, 10, 3
11, 10, 3
12, 10, 3
13, 10, 3
14, 10, 3
15, 10, 3
16, 10, 3
17, 10, 3
18, 10, 3
19, 10, 3
20, 10, 3
21, 10, 3
22, 10, 3
23, 10, 3
24, 10, 3
25, 10, 3
26, 10, 3
27, 10, 3
28, 10, 3
29, 10, 3
30, 10, 3
31, 10, 3
32, 10, 3
33, 10, 3
34, 10, 3
35, 10, 3
36, 10, 3
37, 10, 3
38, 10, 3
39, 10, 3
40, 10, 3
41, 10, 3
42, 10, 3
43, 10, 3
4, 10, 4
5, 10, 4
6, 10, 4
7, 10, 4
8, 10, 4
9, 10, 4
10, 10, 4
11, 10, 4
12, 10, 4
13, 10, 4
14, 10, 4
15, 10, 4
16, 10, 4
17, 10, 4
18, 10, 4
19, 10, 4
20, 10, 4
21, 10, 4
22, 10, 4
23, 10, 4
24, 10, 4
25, 10, 4
26, 10, 4
27, 10, 4
28, 10, 4
29, 10, 4
30, 10, 4
31, 10, 4
32, 10, 4
33, 10, 4
34, 10, 4
35, 10, 4
36, 10, 4
37, 10, 4
38, 10, 4
39, 10, 4
40, 10, 4
41, 10, 4
42, 10, 4
43, 10, 4
44, 10, 4
5, 10, 5
6, 10, 5
7, 10, 5
8, 10, 5
9, 10, 5
10, 10, 5
11, 10, 5
12, 10, 5
13, 10, 5
14, 10, 5
15, 10, 5
16, 10, 5
17, 10, 5
18, 10, 5
19, 10, 5
20, 10, 5
21, 10, 5
22, 10, 5
23, 10, 5
24, 10, 5
25, 10, 5
26, 10, 5
27, 10, 5
28, 10, 5
29, 10, 5
30, 10, 5
31, 10, 5
32, 10, 5
33, 10, 5
34, 10, 5
35, 10, 5
36, 10, 5
37, 10, 5
38, 10, 5
39, 10, 5
40, 10, 5
41, 10, 5
42, 10, 5
43, 10, 5
44, 10, 5
5, 10, 6
6, 10, 6
7, 10, 6
8, 10, 6
9, 10, 6
10, 10, 6
11, 10, 6
12, 10, 6
13, 10, 6
14, 10, 6
15, 10, 6
16, 10, 6
17, 10, 6
18, 10, 6
19, 10, 6
20, 10, 6
21, 10, 6
22, 10, 6
23, 10, 6
24, 10, 6
25, 10, 6
26, 10, 6
27, 10, 6
28, 10, 6
29, 10, 6
30, 10, 6
31, 10, 6
32, 10, 6
33, 10, 6
34, 10, 6
35, 10, 6
36, 10, 6
37, 10, 6
38, 10, 6
39, 10, 6
40, 10, 6
41, 10, 6
42, 10, 6
43, 10, 6
44, 10, 6
5, 10, 7
6, 10, 7
7, 10, 7
8, 10, 7
9, 10, 7
10, 10, 7
11, 10, 7
12, 10, 7
13, 10, 7
14, 10, 7
15, 10, 7
16, 10, 7
17, 10, 7
18, 10, 7
19, 10, 7
20, 10, 7
21, 10, 7
22, 10, 7
23, 10, 7
24, 10, 7
25, 10, 7
26, 10, 7
27, 10, 7
28, 10, 7
29, 10, 7
30, 10, 7
31, 10, 7
32, 10, 7
33, 10, 7
34, 10, 7
35, 10, 7
36, 10, 7
37, 10, 7
38, 10, 7
39, 10, 7
40, 10, 7
41, 10, 7
42, 10, 7
43, 10, 7
44, 10, 7
4, 10, 8
5, 10, 8
6, 10, 8
7, 10, 8
8, 10, 8
9, 10, 8
10, 10, 8
11, 10, 8
12, 10, 8
13, 10, 8
14, 10, 8
15, 10, 8
16, 10, 8
17, 10, 8
18, 10, 8
19, 10, 8
20, 10, 8
21, 10, 8
22, 10, 8
23, 10, 8
24, 10, 8
25, 10, 8
26, 10, 8
27, 10, 8
28, 10, 8
29, 10, 8
30, 10, 8
31, 10, 8
32, 10, 8
33, 10, 8
34, 10, 8
35, 10, 8
36, 10, 8
37, 10, 8
38, 10, 8
39, 10, 8
40, 10, 8
41, 10, 8
42, 10, 8
43, 10, 8
44, 10, 8
45, 10, 8
3, 10, 9
4, 10, 9
5, 10, 9
6, 10, 9
7, 10, 9
8, 10, 9
9, 10, 9
10, 10, 9
11, 10, 9
12, 10, 9
13, 10, 9
14, 10, 9
15, 10, 9
16, 10, 9
17, 10, 9
18, 10, 9
19, 10, 9
20, 10, 9
21, 10, 9
22, 10, 9
23, 10, 9
24, 10, 9
25, 10, 9
26, 10, 9
27, 10, 9
28, 10, 9
29, 10, 9
30, 10, 9
31, 10, 9
32, 10, 9
33, 10, 9
34, 10, 9
35, 10, 9
36, 10, 9
37, 10, 9
38, 10, 9
39, 10, 9
40, 10, 9
41, 10, 9
42, 10, 9
43, 10, 9
44, 10, 9
3, 10, 10
4, 10, 10
5, 10, 10
6, 10, 10
7, 10, 10
8, 10, 10
9, 10, 10
10, 10, 10
11, 10, 10
12, 10, 10
13, 10, 10
14, 10, 10
15, 10, 10
16, 10, 10
17, 10, 10
18, 10, 10
19, 10, 10
20, 10, 10
21, 10, 10
22, 10, 10
23, 10, 10
24, 10, 10
25, 10, 10
26, 10, 10
27, 10, 10
28, 10, 10
29, 10, 10
30, 10, 10
31, 10, 10
32, 10, 10
33, 10, 10
34, 10, 10
35, 10, 10
36, 10, 10
37, 10, 10
38, 10, 10
39, 10, 10
40, 10, 10
41, 10, 10
42, 10, 10
43, 10, 10
44, 10, 10
3, 10, 11
4, 10, 11
5, 10, 11
6, 10, 11
7, 10, 11
8, 10, 11
9, 10, 11
10, 10, 11
11, 10, 11
12, 10, 11
13, 10, 11
14, 10, 11
15, 10, 11
16, 10, 11
17, 10, 11
18, 10, 11
19, 10, 11
20, 10, 11
21, 10, 11
22, 10, 11
23, 10, 11
24, 10, 11
25, 10, 11
26, 10, 11
27, 10, 11
28, 10, 11
29, 10, 11
30, 10, 11
31, 10, 11
32, 10, 11
33, 10, 11
34, 10, 11
35, 10, 11
36, 10, 11
37, 10, 11
38, 10, 11
39, 10, 11
40, 10, 11
41, 10, 11
42, 10, 11
43, 10, 11
44, 10, 11
3, 10, 12
4, 10, 12
5, 10, 12
6, 10, 12
7, 10, 12
8, 10, 12
9, 10, 12
10, 10, 12
11, 10, 12
12, 10, 12
13, 10, 12
14, 10, 12
15, 10, 12
16, 10, 12
17, 10, 12
18, 10, 12
19, 10, 12
20, 10, 12
21, 10, 12
22, 10, 12
23, 10, 12
24, 10, 12
25, 10, 12
26, 10, 12
27, 10, 12
28, 10, 12
29, 10, 12
30, 10, 12
31, 10, 12
32, 10, 12
33, 10, 12
34, 10, 12
35, 10, 12
36, 10, 12
37, 10, 12
38, 10, 12
39, 10, 12
40, 10, 12
41, 10, 12
42, 10, 12
43, 10, 12
44, 10, 12
4, 10, 13
5, 10, 13
6, 10, 13
7, 10, 13
8, 10, 13
9, 10, 13
10, 10, 13
11, 10, 13
12, 10, 13
13, 10, 13
14, 10, 13
15, 10, 13
16, 10, 13
17, 10, 13
18, 10, 13
19, 10, 13
20, 10, 13
21, 10, 13
22, 10, 13
23, 10, 13
24, 10, 13
25, 10, 13
26, 10, 13
27, 10, 13
28, 10, 13
29, 10, 13
30, 10, 13
31, 10, 13
32, 10, 13
33, 10, 13
34, 10, 13
35, 10, 13
36, 10, 13
37, 10, 13
38, 10, 13
39, 10, 13
40, 10, 13
41, 10, 13
42, 10, 13
43, 10, 13
44, 10, 13
45, 10, 13
4, 10, 14
5, 10, 14
6, 10, 14
7, 10, 14
8, 10, 14
9, 10, 14
10, 10, 14
11, 10, 14
12, 10, 14
13, 10, 14
14, 10, 14
15, 10, 14
16, 10, 14
17, 10, 14
18, 10, 14
19, 10, 14
20, 10, 14
21, 10, 14
22, 10, 14
23, 10, 14
24, 10, 14
25, 10, 14
26, 10, 14
27, 10, 14
28, 10, 14
29, 10, 14
30, 10, 14
31, 10, 14
32, 10, 14
33, 10, 14
34, 10, 14
35, 10, 14
36, 10, 14
37, 10, 14
38, 10, 14
39, 10, 14
40, 10, 14
41, 10, 14
42, 10, 14
43, 10, 14
44, 10, 14
5, 10, 15
6, 10, 15
7, 10, 15
8, 10, 15
9, 10, 15
10, 10, 15
11, 10, 15
12, 10, 15
13, 10, 15
14, 10, 15
15, 10, 15
16, 10, 15
17, 10, 15
18, 10, 15
19, 10, 15
20, 10, 15
21, 10, 15
22, 10, 15
23, 10, 15
24, 10, 15
25, 10, 15
26, 10, 15
27, 10, 15
28, 10, 15
29, 10, 15
30, 10, 15
31, 10, 15
32, 10, 15
33, 10, 15
34, 10, 15
35, 10, 15
36, 10, 15
37, 10, 15
38, 10, 15
39, 10, 15
40, 10, 15
41, 10, 15
42, 10, 15
43, 10, 15
44, 10, 15
5, 10, 16
6, 10, 16
7, 10, 16
8, 10, 16
9, 10, 16
10, 10, 16
11, 10, 16
12, 10, 16
13, 10, 16
14, 10, 16
15, 10, 16
16, 10, 16
17, 10, 16
18, 10, 16
19, 10, 16
20, 10, 16
21, 10, 16
22, 10, 16
23, 10, 16
24, 10, 16
25, 10, 16
26, 10, 16
27, 10, 16
28, 10, 16
29, 10, 16
30, 10, 16
31, 10, 16
32, 10, 16
33, 10, 16
34, 10, 16
35, 10, 16
36, 10, 16
37, 10, 16
38, 10, 16
39, 10, 16
40, 10, 16
41, 10, 16
42, 10, 16
43, 10, 16
44, 10, 16
5, 10, 17
6, 10, 17
7, 10, 17
8, 10, 17
9, 10, 17
10, 10, 17
11, 10, 17
12, 10, 17
13, 10, 17
14, 10, 17
15, 10, 17
16, 10, 17
17, 10, 17
18, 10, 17
19, 10, 17
20, 10, 17
21, 10, 17
22, 10, 17
23, 10, 17
24, 10, 17
25, 10, 17
26, 10, 17
27, 10, 17
28, 10, 17
29, 10, 17
30, 10, 17
31, 10, 17
32, 10, 17
33, 10, 17
34, 10, 17
35, 10, 17
36, 10, 17
37, 10, 17
38, 10, 17
39, 10, 17
40, 10, 17
41, 10, 17
42, 10, 17
43, 10, 17
44, 10, 17
4, 10, 18
5, 10, 18
6, 10, 18
7, 10, 18
8, 10, 18
9, 10, 18
10, 10, 18
11, 10, 18
12, 10, 18
13, 10, 18
14, 10, 18
15, 10, 18
16, 10, 18
17, 10, 18
18, 10, 18
19, 10, 18
20, 10, 18
21, 10, 18
22, 10, 18
23, 10, 18
24, 10, 18
25, 10, 18
26, 10, 18
27, 10, 18
28, 10, 18
29, 10, 18
30, 10, 18
31, 10, 18
32, 10, 18
33, 10, 18
34, 10, 18
35, 10, 18
36, 10, 18
37, 10, 18
38, 10, 18
39, 10, 18
40, 10, 18
41, 10, 18
42, 10, 18
43, 10, 18
4, 10, 19
5, 10, 19
6, 10, 19
7, 10, 19
8, 10, 19
9, 10, 19
10, 10, 19
11, 10, 19
12, 10, 19
13, 10, 19
14, 10, 19
15, 10, 19
16, 10, 19
17, 10, 19
18, 10, 19
19, 10, 19
20, 10, 19
21, 10, 19
22, 10, 19
23, 10, 19
24, 10, 19
25, 10, 19
26, 10, 19
27, 10, 19
28, 10, 19
29, 10, 19
30, 10, 19
31, 10, 19
32, 10, 19
33, 10, 19
34, 10, 19
35, 10, 19
36, 10, 19
37, 10, 19
38, 10, 19
39, 10, 19
40, 10, 19
41, 10, 19
42, 10, 19
43, 10, 19
8, 10, 20
9, 10, 20
10, 10, 20
11, 10, 20
12, 10, 20
13, 10, 20
21, 10, 20
35, 10, 20
36, 10, 20
37, 10, 20
38, 10, 20
39, 10, 20
40, 10, 20
21, 10, 21
21, 11, 0
21, 11, 1
20, 11, 2
21, 11, 2
22, 11, 2
23, 11, 2
24, 11, 2
25, 11, 2
26, 11, 2
27, 11, 2
28, 11, 2
29, 11, 2
30, 11, 2
31, 11, 2
32, 11, 2
33, 11, 2
34, 11, 2
18, 11, 3
19, 11, 3
20, 11, 3
21, 11, 3
22, 11, 3
23, 11, 3
24, 11, 3
25, 11, 3
26, 11, 3
27, 11, 3
28, 11, 3
29, 11, 3
30, 11, 3
31, 11, 3
32, 11, 3
33, 11, 3
34, 11, 3
35, 11, 3
36, 11, 3
37, 11, 3
18, 11, 4
19, 11, 4
20, 11, 4
21, 11, 4
22, 11, 4
23, 11, 4
24, 11, 4
25, 11, 4
26, 11, 4
27, 11, 4
28, 11, 4
29, 11, 4
30, 11, 4
31, 11, 4
32, 11, 4
33, 11, 4
34, 11, 4
35, 11, 4
36, 11, 4
37, 11, 4
38, 11, 4
39, 11, 4
17, 11, 5
18, 11, 5
19, 11, 5
20, 11, 5
21, 11, 5
22, 11, 5
23, 11, 5
24, 11, 5
25, 11, 5
26, 11, 5
27, 11, 5
28, 11, 5
29, 11, 5
30, 11, 5
31, 11, 5
32, 11, 5
33, 11, 5
34, 11, 5
35, 11, 5
36, 11, 5
37, 11, 5
38, 11, 5
39, 11, 5
40, 11, 5
17, 11, 6
18, 11, 6
19, 11, 6
20, 11, 6
21, 11, 6
22, 11, 6
23, 11, 6
24, 11, 6
25, 11, 6
26, 11, 6
27, 11, 6
28, 11, 6
29, 11, 6
30, 11, 6
31, 11, 6
32, 11, 6
33, 11, 6
34, 11, 6
35, 11, 6
36, 11, 6
37, 11, 6
38, 11, 6
39, 11, 6
40, 11, 6
15, 11, 7
16, 11, 7
17, 11, 7
18, 11, 7
19, 11, 7
20, 11, 7
21, 11, 7
22, 11, 7
23, 11, 7
24, 11, 7
25, 11, 7
26, 11, 7
27, 11, 7
28, 11, 7
29, 11, 7
30, 11, 7
31, 11, 7
32, 11, 7
33, 11, 7
34, 11, 7
35, 11, 7
36, 11, 7
37, 11, 7
38, 11, 7
39, 11, 7
40, 11, 7
41, 11, 7
14, 11, 8
15, 11, 8
16, 11, 8
17, 11, 8
18, 11, 8
19, 11, 8
20, 11, 8
21, 11, 8
22, 11, 8
23, 11, 8
24, 11, 8
25, 11, 8
26, 11, 8
27, 11, 8
28, 11, 8
29, 11, 8
30, 11, 8
31, 11, 8
32, 11, 8
33, 11, 8
34, 11, 8
35, 11, 8
36, 11, 8
37, 11, 8
38, 11, 8
39, 11, 8
40, 11, 8
41, 11, 8
11, 11, 9
12, 11, 9
13, 11, 9
14, 11, 9
15, 11, 9
16, 11, 9
17, 11, 9
18, 11, 9
19, 11, 9
20, 11, 9
21, 11, 9
22, 11, 9
23, 11, 9
24, 11, 9
25, 11, 9
26, 11, 9
27, 11, 9
28, 11, 9
29, 11, 9
30, 11, 9
31, 11, 9
32, 11, 9
33, 11, 9
34, 11, 9
35, 11, 9
36, 11, 9
37, 11, 9
38, 11, 9
39, 11, 9
40, 11, 9
41, 11, 9
10, 11, 10
11, 11, 10
12, 11, 10
13, 11, 10
14, 11, 10
15, 11, 10
16, 11, 10
17, 11, 10
18, 11, 10
19, 11, 10
20, 11, 10
21, 11, 10
22, 11, 10
23, 11, 10
24, 11, 10
25, 11, 10
26, 11, 10
27, 11, 10
28, 11, 10
29, 11, 10
30, 11, 10
31, 11, 10
32, 11, 10
33, 11, 10
34, 11, 10
35, 11, 10
36, 11, 10
37, 11, 10
38, 11, 10
39, 11, 10
40, 11, 10
41, 11, 10
10, 11, 11
11, 11, 11
12, 11, 11
13, 11, 11
14, 11, 11
15, 11, 11
16, 11, 11
17, 11, 11
18, 11, 11
19, 11, 11
20, 11, 11
21, 11, 11
22, 11, 11
23, 11, 11
24, 11, 11
25, 11, 11
26, 11, 11
27, 11, 11
28, 11, 11
29, 11, 11
30, 11, 11
31, 11, 11
32, 11, 11
33, 11, 11
34, 11, 11
35, 11, 11
36, 11, 11
37, 11, 11
38, 11, 11
39, 11, 11
40, 11, 11
41, 11, 11
11, 11, 12
12, 11, 12
13, 11, 12
14, 11, 12
15, 11, 12
16, 11, 12
17, 11, 12
18, 11, 12
19, 11, 12
20, 11, 12
21, 11, 12
22, 11, 12
23, 11, 12
24, 11, 12
25, 11, 12
26, 11, 12
27, 11, 12
28, 11, 12
29, 11, 12
30, 11, 12
31, 11, 12
32, 11, 12
33, 11, 12
34, 11, 12
35, 11, 12
36, 11, 12
37, 11, 12
38, 11, 12
39, 11, 12
40, 11, 12
41, 11, 12
14, 11, 13
15, 11, 13
16, 11, 13
17, 11, 13
18, 11, 13
19, 11, 13
20, 11, 13
21, 11, 13
22, 11, 13
23, 11, 13
24, 11, 13
25, 11, 13
26, 11, 13
27, 11, 13
28, 11, 13
29, 11, 13
30, 11, 13
31, 11, 13
32, 11, 13
33, 11, 13
34, 11, 13
35, 11, 13
36, 11, 13
37, 11, 13
38, 11, 13
39, 11, 13
40, 11, 13
41, 11, 13
15, 11, 14
16, 11, 14
17, 11, 14
18, 11, 14
19, 11, 14
20, 11, 14
21, 11, 14
22, 11, 14
23, 11, 14
24, 11, 14
25, 11, 14
26, 11, 14
27, 11, 14
28, 11, 14
29, 11, 14
30, 11, 14
31, 11, 14
32, 11, 14
33, 11, 14
34, 11, 14
35, 11, 14
36, 11, 14
37, 11, 14
38, 11, 14
39, 11, 14
40, 11, 14
41, 11, 14
17, 11, 15
18, 11, 15
19, 11, 15
20, 11, 15
21, 11, 15
22, 11, 15
23, 11, 15
24, 11, 15
25, 11, 15
26, 11, 15
27, 11, 15
28, 11, 15
29, 11, 15
30, 11, 15
31, 11, 15
32, 11, 15
33, 11, 15
34, 11, 15
35, 11, 15
36, 11, 15
37, 11, 15
38, 11, 15
39, 11, 15
40, 11, 15
17, 11, 16
18, 11, 16
19, 11, 16
20, 11, 16
21, 11, 16
22, 11, 16
23, 11, 16
24, 11, 16
25, 11, 16
26, 11, 16
27, 11, 16
28, 11, 16
29, 11, 16
30, 11, 16
31, 11, 16
32, 11, 16
33, 11, 16
34, 11, 16
35, 11, 16
36, 11, 16
37, 11, 16
38, 11, 16
39, 11, 16
40, 11, 16
18, 11, 17
19, 11, 17
20, 11, 17
21, 11, 17
22, 11, 17
23, 11, 17
24, 11, 17
25, 11, 17
26, 11, 17
27, 11, 17
28, 11, 17
29, 11, 17
30, 11, 17
31, 11, 17
32, 11, 17
33, 11, 17
34, 11, 17
35, 11, 17
36, 11, 17
37, 11, 17
38, 11, 17
39, 11, 17
18, 11, 18
19, 11, 18
20, 11, 18
21, 11, 18
22, 11, 18
23, 11, 18
24, 11, 18
25, 11, 18
26, 11, 18
27, 11, 18
28, 11, 18
29, 11, 18
30, 11, 18
31, 11, 18
32, 11, 18
33, 11, 18
34, 11, 18
35, 11, 18
36, 11, 18
37, 11, 18
20, 11, 19
21, 11, 19
22, 11, 19
23, 11, 19
24, 11, 19
25, 11, 19
26, 11, 19
27, 11, 19
28, 11, 19
29, 11, 19
30, 11, 19
31, 11, 19
32, 11, 19
33, 11, 19
34, 11, 19
21, 11, 20
21, 11, 21
20, 12, 3
21, 12, 3
22, 12, 3
23, 12, 3
24, 12, 3
25, 12, 3
26, 12, 3
27, 12, 3
28, 12, 3
29, 12, 3
30, 12, 3
31, 12, 3
32, 12, 3
33, 12, 3
34, 12, 3
35, 12, 3
36, 12, 3
20, 12, 4
21, 12, 4
22, 12, 4
23, 12, 4
24, 12, 4
25, 12, 4
26, 12, 4
27, 12, 4
28, 12, 4
29, 12, 4
30, 12, 4
31, 12, 4
32, 12, 4
33, 12, 4
34, 12, 4
35, 12, 4
36, 12, 4
37, 12, 4
19, 12, 5
20, 12, 5
21, 12, 5
22, 12, 5
23, 12, 5
24, 12, 5
25, 12, 5
26, 12, 5
27, 12, 5
28, 12, 5
29, 12, 5
30, 12, 5
31, 12, 5
32, 12, 5
33, 12, 5
34, 12, 5
35, 12, 5
36, 12, 5
37, 12, 5
19, 12, 6
20, 12, 6
21, 12, 6
22, 12, 6
23, 12, 6
24, 12, 6
25, 12, 6
26, 12, 6
27, 12, 6
28, 12, 6
29, 12, 6
30, 12, 6
31, 12, 6
32, 12, 6
33, 12, 6
34, 12, 6
35, 12, 6
36, 12, 6
37, 12, 6
38, 12, 6
18, 12, 7
19, 12, 7
20, 12, 7
21, 12, 7
22, 12, 7
23, 12, 7
24, 12, 7
25, 12, 7
26, 12, 7
27, 12, 7
28, 12, 7
29, 12, 7
30, 12, 7
31, 12, 7
32, 12, 7
33, 12, 7
34, 12, 7
35, 12, 7
36, 12, 7
37, 12, 7
38, 12, 7
18, 12, 8
19, 12, 8
20, 12, 8
21, 12, 8
22, 12, 8
23, 12, 8
24, 12, 8
25, 12, 8
26, 12, 8
27, 12, 8
28, 12, 8
29, 12, 8
30, 12, 8
31, 12, 8
32, 12, 8
33, 12, 8
34, 12, 8
35, 12, 8
36, 12, 8
37, 12, 8
38, 12, 8
18, 12, 9
19, 12, 9
20, 12, 9
21, 12, 9
22, 12, 9
23, 12, 9
24, 12, 9
25, 12, 9
26, 12, 9
27, 12, 9
28, 12, 9
29, 12, 9
30, 12, 9
31, 12, 9
32, 12, 9
33, 12, 9
34, 12, 9
35, 12, 9
36, 12, 9
37, 12, 9
38, 12, 9
18, 12, 10
19, 12, 10
20, 12, 10
21, 12, 10
22, 12, 10
23, 12, 10
24, 12, 10
25, 12, 10
26, 12, 10
27, 12, 10
28, 12, 10
29, 12, 10
30, 12, 10
31, 12, 10
32, 12, 10
33, 12, 10
34, 12, 10
35, 12, 10
36, 12, 10
37, 12, 10
38, 12, 10
18, 12, 11
19, 12, 11
20, 12, 11
21, 12, 11
22, 12, 11
23, 12, 11
24, 12, 11
25, 12, 11
26, 12, 11
27, 12, 11
28, 12, 11
29, 12, 11
30, 12, 11
31, 12, 11
32, 12, 11
33, 12, 11
34, 12, 11
35, 12, 11
36, 12, 11
37, 12, 11
38, 12, 11
18, 12, 12
19, 12, 12
20, 12, 12
21, 12, 12
22, 12, 12
23, 12, 12
24, 12, 12
25, 12, 12
26, 12, 12
27, 12, 12
28, 12, 12
29, 12, 12
30, 12, 12
31, 12, 12
32, 12, 12
33, 12, 12
34, 12, 12
35, 12, 12
36, 12, 12
37, 12, 12
38, 12, 12
18, 12, 13
19, 12, 13
20, 12, 13
21, 12, 13
22, 12, 13
23, 12, 13
24, 12, 13
25, 12, 13
26, 12, 13
27, 12, 13
28, 12, 13
29, 12, 13
30, 12, 13
31, 12, 13
32, 12, 13
33, 12, 13
34, 12, 13
35, 12, 13
36, 12, 13
37, 12, 13
38, 12, 13
18, 12, 14
19, 12, 14
20, 12, 14
21, 12, 14
22, 12, 14
23, 12, 14
24, 12, 14
25, 12, 14
26, 12, 14
27, 12, 14
28, 12, 14
29, 12, 14
30, 12, 14
31, 12, 14
32, 12, 14
33, 12, 14
34, 12, 14
35, 12, 14
36, 12, 14
37, 12, 14
38, 12, 14
19, 12, 15
20, 12, 15
21, 12, 15
22, 12, 15
23, 12, 15
24, 12, 15
25, 12, 15
26, 12, 15
27, 12, 15
28, 12, 15
29, 12, 15
30, 12, 15
31, 12, 15
32, 12, 15
33, 12, 15
34, 12, 15
35, 12, 15
36, 12, 15
37, 12, 15
38, 12, 15
19, 12, 16
20, 12, 16
21, 12, 16
22, 12, 16
23, 12, 16
24, 12, 16
25, 12, 16
26, 12, 16
27, 12, 16
28, 12, 16
29, 12, 16
30, 12, 16
31, 12, 16
32, 12, 16
33, 12, 16
34, 12, 16
35, 12, 16
36, 12, 16
37, 12, 16
20, 12, 17
21, 12, 17
22, 12, 17
23, 12, 17
24, 12, 17
25, 12, 17
26, 12, 17
27, 12, 17
28, 12, 17
29, 12, 17
30, 12, 17
31, 12, 17
32, 12, 17
33, 12, 17
34, 12, 17
35, 12, 17
36, 12, 17
37, 12, 17
20, 12, 18
21, 12, 18
22, 12, 18
23, 12, 18
24, 12, 18
25, 12, 18
26, 12, 18
27, 12, 18
28, 12, 18
29, 12, 18
30, 12, 18
31, 12, 18
32, 12, 18
33, 12, 18
34, 12, 18
35, 12, 18
36, 12, 18
22, 13, 3
23, 13, 3
24, 13, 3
25, 13, 3
26, 13, 3
27, 13, 3
28, 13, 3
29, 13, 3
30, 13, 3
31, 13, 3
32, 13, 3
33, 13, 3
34, 13, 3
21, 13, 4
22, 13, 4
23, 13, 4
24, 13, 4
25, 13, 4
26, 13, 4
27, 13, 4
28, 13, 4
29, 13, 4
30, 13, 4
31, 13, 4
32, 13, 4
33, 13, 4
34, 13, 4
35, 13, 4
36, 13, 4
21, 13, 5
22, 13, 5
23, 13, 5
24, 13, 5
25, 13, 5
26, 13, 5
27, 13, 5
28, 13, 5
29, 13, 5
30, 13, 5
31, 13, 5
32, 13, 5
33, 13, 5
34, 13, 5
35, 13, 5
36, 13, 5
20, 13, 6
21, 13, 6
22, 13, 6
23, 13, 6
24, 13, 6
25, 13, 6
26, 13, 6
27, 13, 6
28, 13, 6
29, 13, 6
30, 13, 6
31, 13, 6
32, 13, 6
33, 13, 6
34, 13, 6
35, 13, 6
36, 13, 6
37, 13, 6
20, 13, 7
21, 13, 7
22, 13, 7
23, 13, 7
24, 13, 7
25, 13, 7
26, 13, 7
27, 13, 7
28, 13, 7
29, 13, 7
30, 13, 7
31, 13, 7
32, 13, 7
33, 13, 7
34, 13, 7
35, 13, 7
36, 13, 7
37, 13, 7
20, 13, 8
21, 13, 8
22, 13, 8
23, 13, 8
24, 13, 8
25, 13, 8
26, 13, 8
27, 13, 8
28, 13, 8
29, 13, 8
30, 13, 8
31, 13, 8
32, 13, 8
33, 13, 8
34, 13, 8
35, 13, 8
36, 13, 8
37, 13, 8
20, 13, 9
21, 13, 9
22, 13, 9
23, 13, 9
24, 13, 9
25, 13, 9
26, 13, 9
27, 13, 9
28, 13, 9
29, 13, 9
30, 13, 9
31, 13, 9
32, 13, 9
33, 13, 9
34, 13, 9
35, 13, 9
36, 13, 9
37, 13, 9
20, 13, 10
21, 13, 10
22, 13, 10
23, 13, 10
24, 13, 10
25, 13, 10
26, 13, 10
27, 13, 10
28, 13, 10
29, 13, 10
30, 13, 10
31, 13, 10
32, 13, 10
33, 13, 10
34, 13, 10
35, 13, 10
36, 13, 10
37, 13, 10
20, 13, 11
21, 13, 11
22, 13, 11
23, 13, 11
24, 13, 11
25, 13, 11
26, 13, 11
27, 13, 11
28, 13, 11
29, 13, 11
30, 13, 11
31, 13, 11
32, 13, 11
33, 13, 11
34, 13, 11
35, 13, 11
36, 13, 11
37, 13, 11
20, 13, 12
21, 13, 12
22, 13, 12
23, 13, 12
24, 13, 12
25, 13, 12
26, 13, 12
27, 13, 12
28, 13, 12
29, 13, 12
30, 13, 12
31, 13, 12
32, 13, 12
33, 13, 12
34, 13, 12
35, 13, 12
36, 13, 12
37, 13, 12
20, 13, 13
21, 13, 13
22, 13, 13
23, 13, 13
24, 13, 13
25, 13, 13
26, 13, 13
27, 13, 13
28, 13, 13
29, 13, 13
30, 13, 13
31, 13, 13
32, 13, 13
33, 13, 13
34, 13, 13
35, 13, 13
36, 13, 13
37, 13, 13
20, 13, 14
21, 13, 14
22, 13, 14
23, 13, 14
24, 13, 14
25, 13, 14
26, 13, 14
27, 13, 14
28, 13, 14
29, 13, 14
30, 13, 14
31, 13, 14
32, 13, 14
33, 13, 14
34, 13, 14
35, 13, 14
36, 13, 14
37, 13, 14
20, 13, 15
21, 13, 15
22, 13, 15
23, 13, 15
24, 13, 15
25, 13, 15
26, 13, 15
27, 13, 15
28, 13, 15
29, 13, 15
30, 13, 15
31, 13, 15
32, 13, 15
33, 13, 15
34, 13, 15
35, 13, 15
36, 13, 15
37, 13, 15
21, 13, 16
22, 13, 16
23, 13, 16
24, 13, 16
25, 13, 16
26, 13, 16
27, 13, 16
28, 13, 16
29, 13, 16
30, 13, 16
31, 13, 16
32, 13, 16
33, 13, 16
34, 13, 16
35, 13, 16
36, 13, 16
21, 13, 17
22, 13, 17
23, 13, 17
24, 13, 17
25, 13, 17
26, 13, 17
27, 13, 17
28, 13, 17
29, 13, 17
30, 13, 17
31, 13, 17
32, 13, 17
33, 13, 17
34, 13, 17
35, 13, 17
36, 13, 17
22, 13, 18
23, 13, 18
24, 13, 18
25, 13, 18
26, 13, 18
27, 13, 18
28, 13, 18
29, 13, 18
30, 13, 18
31, 13, 18
32, 13, 18
33, 13, 18
34, 13, 18
23, 14, 4
24, 14, 4
25, 14, 4
26, 14, 4
27, 14, 4
28, 14, 4
29, 14, 4
30, 14, 4
31, 14, 4
32, 14, 4
33, 14, 4
34, 14, 4
23, 14, 5
24, 14, 5
25, 14, 5
26, 14, 5
27, 14, 5
28, 14, 5
29, 14, 5
30, 14, 5
31, 14, 5
32, 14, 5
33, 14, 5
34, 14, 5
35, 14, 5
22, 14, 6
23, 14, 6
24, 14, 6
25, 14, 6
26, 14, 6
27, 14, 6
28, 14, 6
29, 14, 6
30, 14, 6
31, 14, 6
32, 14, 6
33, 14, 6
34, 14, 6
35, 14, 6
22, 14, 7
23, 14, 7
24, 14, 7
25, 14, 7
26, 14, 7
27, 14, 7
28, 14, 7
29, 14, 7
30, 14, 7
31, 14, 7
32, 14, 7
33, 14, 7
34, 14, 7
35, 14, 7
22, 14, 8
23, 14, 8
24, 14, 8
25, 14, 8
26, 14, 8
27, 14, 8
28, 14, 8
29, 14, 8
30, 14, 8
31, 14, 8
32, 14, 8
33, 14, 8
34, 14, 8
35, 14, 8
22, 14, 9
23, 14, 9
24, 14, 9
25, 14, 9
26, 14, 9
27, 14, 9
28, 14, 9
29, 14, 9
30, 14, 9
31, 14, 9
32, 14, 9
33, 14, 9
34, 14, 9
35, 14, 9
36, 14, 9
22, 14, 10
23, 14, 10
24, 14, 10
25, 14, 10
26, 14, 10
27, 14, 10
28, 14, 10
29, 14, 10
30, 14, 10
31, 14, 10
32, 14, 10
33, 14, 10
34, 14, 10
35, 14, 10
36, 14, 10
22, 14, 11
23, 14, 11
24, 14, 11
25, 14, 11
26, 14, 11
27, 14, 11
28, 14, 11
29, 14, 11
30, 14, 11
31, 14, 11
32, 14, 11
33, 14, 11
34, 14, 11
35, 14, 11
36, 14, 11
22, 14, 12
23, 14, 12
24, 14, 12
25, 14, 12
26, 14, 12
27, 14, 12
28, 14, 12
29, 14, 12
30, 14, 12
31, 14, 12
32, 14, 12
33, 14, 12
34, 14, 12
35, 14, 12
36, 14, 12
22, 14, 13
23, 14, 13
24, 14, 13
25, 14, 13
26, 14, 13
27, 14, 13
28, 14, 13
29, 14, 13
30, 14, 13
31, 14, 13
32, 14, 13
33, 14, 13
34, 14, 13
35, 14, 13
22, 14, 14
23, 14, 14
24, 14, 14
25, 14, 14
26, 14, 14
27, 14, 14
28, 14, 14
29, 14, 14
30, 14, 14
31, 14, 14
32, 14, 14
33, 14, 14
34, 14, 14
35, 14, 14
22, 14, 15
23, 14, 15
24, 14, 15
25, 14, 15
26, 14, 15
27, 14, 15
28, 14, 15
29, 14, 15
30, 14, 15
31, 14, 15
32, 14, 15
33, 14, 15
34, 14, 15
35, 14, 15
23, 14, 16
24, 14, 16
25, 14, 16
26, 14, 16
27, 14, 16
28, 14, 16
29, 14, 16
30, 14, 16
31, 14, 16
32, 14, 16
33, 14, 16
34, 14, 16
35, 14, 16
23, 14, 17
24, 14, 17
25, 14, 17
26, 14, 17
27, 14, 17
28, 14, 17
29, 14, 17
30, 14, 17
31, 14, 17
32, 14, 17
33, 14, 17
34, 14, 17
26, 15, 4
27, 15, 4
28, 15, 4
29, 15, 4
30, 15, 4
31, 15, 4
25, 15, 5
26, 15, 5
27, 15, 5
28, 15, 5
29, 15, 5
30, 15, 5
31, 15, 5
32, 15, 5
33, 15, 5
24, 15, 6
25, 15, 6
26, 15, 6
27, 15, 6
28, 15, 6
29, 15, 6
30, 15, 6
31, 15, 6
32, 15, 6
33, 15, 6
34, 15, 6
24, 15, 7
25, 15, 7
26, 15, 7
27, 15, 7
28, 15, 7
29, 15, 7
30, 15, 7
31, 15, 7
32, 15, 7
33, 15, 7
34, 15, 7
24, 15, 8
25, 15, 8
26, 15, 8
27, 15, 8
28, 15, 8
29, 15, 8
30, 15, 8
31, 15, 8
32, 15, 8
33, 15, 8
34, 15, 8
23, 15, 9
24, 15, 9
25, 15, 9
26, 15, 9
27, 15, 9
28, 15, 9
29, 15, 9
30, 15, 9
31, 15, 9
32, 15, 9
33, 15, 9
34, 15, 9
23, 15, 10
24, 15, 10
25, 15, 10
26, 15, 10
27, 15, 10
28, 15, 10
29, 15, 10
30, 15, 10
31, 15, 10
32, 15, 10
33, 15, 10
34, 15, 10
23, 15, 11
24, 15, 11
25, 15, 11
26, 15, 11
27, 15, 11
28, 15, 11
29, 15, 11
30, 15, 11
31, 15, 11
32, 15, 11
33, 15, 11
34, 15, 11
23, 15, 12
24, 15, 12
25, 15, 12
26, 15, 12
27, 15, 12
28, 15, 12
29, 15, 12
30, 15, 12
31, 15, 12
32, 15, 12
33, 15, 12
34, 15, 12
24, 15, 13
25, 15, 13
26, 15, 13
27, 15, 13
28, 15, 13
29, 15, 13
30, 15, 13
31, 15, 13
32, 15, 13
33, 15, 13
34, 15, 13
24, 15, 14
25, 15, 14
26, 15, 14
27, 15, 14
28, 15, 14
29, 15, 14
30, 15, 14
31, 15, 14
32, 15, 14
33, 15, 14
34, 15, 14
24, 15, 15
25, 15, 15
26, 15, 15
27, 15, 15
28, 15, 15
29, 15, 15
30, 15, 15
31, 15, 15
32, 15, 15
33, 15, 15
34, 15, 15
25, 15, 16
26, 15, 16
27, 15, 16
28, 15, 16
29, 15, 16
30, 15, 16
31, 15, 16
32, 15, 16
33, 15, 16
26, 15, 17
27, 15, 17
28, 15, 17
29, 15, 17
30, 15, 17
31, 15, 17