11, 0, 1
12, 0, 1
13, 0, 1
14, 0, 1
15, 0, 1
16, 0, 1
55, 0, 1
56, 0, 1
57, 0, 1
58, 0, 1
59, 0, 1
60, 0, 1
11, 0, 2
12, 0, 2
13, 0, 2
14, 0, 2
15, 0, 2
16, 0, 2
55, 0, 2
56, 0, 2
57, 0, 2
58, 0, 2
59, 0, 2
60, 0, 2
11, 0, 3
12, 0, 3
13, 0, 3
14, 0, 3
15, 0, 3
16, 0, 3
55, 0, 3
56, 0, 3
57, 0, 3
58, 0, 3
59, 0, 3
60, 0, 3
11, 0, 4
12, 0, 4
13, 0, 4
14, 0, 4
15, 0, 4
16, 0, 4
55, 0, 4
56, 0, 4
57, 0, 4
58, 0, 4
59, 0, 4
60, 0, 4
11, 0, 27
12, 0, 27
13, 0, 27
14, 0, 27
15, 0, 27
16, 0, 27
55, 0, 27
56, 0, 27
57, 0, 27
58, 0, 27
59, 0, 27
60, 0, 27
11, 0, 28
12, 0, 28
13, 0, 28
14, 0, 28
15, 0, 28
16, 0, 28
55, 0, 28
56, 0, 28
57, 0, 28
58, 0, 28
59, 0, 28
60, 0, 28
11, 0, 29
12, 0, 29
13, 0, 29
14, 0, 29
15, 0, 29
16, 0, 29
55, 0, 29
56, 0, 29
57, 0, 29
58, 0, 29
59, 0, 29
60, 0, 29
11, 0, 30
12, 0, 30
13, 0, 30
14, 0, 30
15, 0, 30
16, 0, 30
55, 0, 30
56, 0, 30
57, 0, 30
58, 0, 30
59, 0, 30
60, 0, 30
9, 1, 1
10, 1, 1
11, 1, 1
12, 1, 1
13, 1, 1
14, 1, 1
15, 1, 1
16, 1, 1
17, 1, 1
18, 1, 1
53, 1, 1
54, 1, 1
55, 1, 1
56, 1, 1
57, 1, 1
58, 1, 1
59, 1, 1
60, 1, 1
61, 1, 1
9, 1, 2
10, 1, 2
17, 1, 2
18, 1, 2
53, 1, 2
54, 1, 2
61, 1, 2
9, 1, 3
10, 1, 3
17, 1, 3
18, 1, 3
53, 1, 3
54, 1, 3
61, 1, 3
9, 1, 4
10, 1, 4
11, 1, 4
12, 1, 4
13, 1, 4
14, 1, 4
15, 1, 4
16, 1, 4
17, 1, 4
18, 1, 4
53, 1, 4
54, 1, 4
55, 1, 4
56, 1, 4
57, 1, 4
58, 1, 4
59, 1, 4
60, 1, 4
61, 1, 4
9, 1, 27
10, 1, 27
11, 1, 27
12, 1, 27
13, 1, 27
14, 1, 27
15, 1, 27
16, 1, 27
17, 1, 27
18, 1, 27
53, 1, 27
54, 1, 27
55, 1, 27
56, 1, 27
57, 1, 27
58, 1, 27
59, 1, 27
60, 1, 27
61, 1, 27
9, 1, 28
10, 1, 28
17, 1, 28
18, 1, 28
53, 1, 28
54, 1, 28
61, 1, 28
9, 1, 29
10, 1, 29
17, 1, 29
18, 1, 29
53, 1, 29
54, 1, 29
61, 1, 29
9, 1, 30
10, 1, 30
11, 1, 30
12, 1, 30
13, 1, 30
14, 1, 30
15, 1, 30
16, 1, 30
17, 1, 30
18, 1, 30
53, 1, 30
54, 1, 30
55, 1, 30
56, 1, 30
57, 1, 30
58, 1, 30
59, 1, 30
60, 1, 30
61, 1, 30
8, 2, 1
9, 2, 1
10, 2, 1
11, 2, 1
12, 2, 1
13, 2, 1
14, 2, 1
15, 2, 1
16, 2, 1
17, 2, 1
18, 2, 1
52, 2, 1
53, 2, 1
54, 2, 1
55, 2, 1
56, 2, 1
57, 2, 1
58, 2, 1
59, 2, 1
60, 2, 1
61, 2, 1
62, 2, 1
8, 2, 2
18, 2, 2
52, 2, 2
62, 2, 2
8, 2, 3
18, 2, 3
52, 2, 3
62, 2, 3
8, 2, 4
9, 2, 4
10, 2, 4
11, 2, 4
12, 2, 4
13, 2, 4
14, 2, 4
15, 2, 4
16, 2, 4
17, 2, 4
18, 2, 4
52, 2, 4
53, 2, 4
54, 2, 4
55, 2, 4
56, 2, 4
57, 2, 4
58, 2, 4
59, 2, 4
60, 2, 4
61, 2, 4
62, 2, 4
8, 2, 27
9, 2, 27
10, 2, 27
11, 2, 27
12, 2, 27
13, 2, 27
14, 2, 27
15, 2, 27
16, 2, 27
17, 2, 27
18, 2, 27
52, 2, 27
53, 2, 27
54, 2, 27
55, 2, 27
56, 2, 27
57, 2, 27
58, 2, 27
59, 2, 27
60, 2, 27
61, 2, 27
62, 2, 27
8, 2, 28
18, 2, 28
52, 2, 28
62, 2, 28
8, 2, 29
18, 2, 29
52, 2, 29
62, 2, 29
8, 2, 30
9, 2, 30
10, 2, 30
11, 2, 30
12, 2, 30
13, 2, 30
14, 2, 30
15, 2, 30
16, 2, 30
17, 2, 30
18, 2, 30
52, 2, 30
53, 2, 30
54, 2, 30
55, 2, 30
56, 2, 30
57, 2, 30
58, 2, 30
59, 2, 30
60, 2, 30
61, 2, 30
62, 2, 30
50, 3, 0
51, 3, 0
8, 3, 1
9, 3, 1
10, 3, 1
11, 3, 1
12, 3, 1
13, 3, 1
14, 3, 1
15, 3, 1
16, 3, 1
17, 3, 1
18, 3, 1
19, 3, 1
20, 3, 1
21, 3, 1
22, 3, 1
23, 3, 1
24, 3, 1
25, 3, 1
26, 3, 1
27, 3, 1
28, 3, 1
29, 3, 1
30, 3, 1
31, 3, 1
32, 3, 1
33, 3, 1
34, 3, 1
35, 3, 1
36, 3, 1
37, 3, 1
38, 3, 1
39, 3, 1
40, 3, 1
41, 3, 1
42, 3, 1
43, 3, 1
44, 3, 1
45, 3, 1
46, 3, 1
47, 3, 1
48, 3, 1
49, 3, 1
50, 3, 1
51, 3, 1
52, 3, 1
53, 3, 1
54, 3, 1
55, 3, 1
56, 3, 1
57, 3, 1
58, 3, 1
59, 3, 1
60, 3, 1
61, 3, 1
62, 3, 1
63, 3, 1
8, 3, 2
19, 3, 2
52, 3, 2
63, 3, 2
8, 3, 3
19, 3, 3
52, 3, 3
56, 3, 3
57, 3, 3
58, 3, 3
63, 3, 3
8, 3, 4
9, 3, 4
10, 3, 4
11, 3, 4
12, 3, 4
13, 3, 4
14, 3, 4
15, 3, 4
16, 3, 4
17, 3, 4
18, 3, 4
19, 3, 4
52, 3, 4
53, 3, 4
54, 3, 4
55, 3, 4
59, 3, 4
60, 3, 4
61, 3, 4
62, 3, 4
63, 3, 4
51, 3, 10
52, 3, 10
53, 3, 10
54, 3, 10
55, 3, 10
56, 3, 10
57, 3, 10
58, 3, 10
59, 3, 10
64, 3, 10
49, 3, 11
50, 3, 11
51, 3, 11
52, 3, 11
53, 3, 11
54, 3, 11
55, 3, 11
56, 3, 11
57, 3, 11
58, 3, 11
59, 3, 11
64, 3, 11
47, 3, 12
48, 3, 12
49, 3, 12
50, 3, 12
45, 3, 13
46, 3, 13
47, 3, 13
48, 3, 13
25, 3, 14
26, 3, 14
27, 3, 14
28, 3, 14
29, 3, 14
30, 3, 14
31, 3, 14
32, 3, 14
33, 3, 14
34, 3, 14
35, 3, 14
36, 3, 14
37, 3, 14
38, 3, 14
39, 3, 14
40, 3, 14
41, 3, 14
42, 3, 14
43, 3, 14
44, 3, 14
45, 3, 14
46, 3, 14
57, 3, 14
58, 3, 14
25, 3, 15
26, 3, 15
27, 3, 15
28, 3, 15
29, 3, 15
30, 3, 15
31, 3, 15
32, 3, 15
33, 3, 15
34, 3, 15
35, 3, 15
36, 3, 15
37, 3, 15
38, 3, 15
39, 3, 15
40, 3, 15
41, 3, 15
42, 3, 15
43, 3, 15
44, 3, 15
57, 3, 15
58, 3, 15
25, 3, 16
26, 3, 16
27, 3, 16
28, 3, 16
29, 3, 16
30, 3, 16
31, 3, 16
32, 3, 16
33, 3, 16
34, 3, 16
35, 3, 16
36, 3, 16
37, 3, 16
38, 3, 16
39, 3, 16
40, 3, 16
41, 3, 16
42, 3, 16
43, 3, 16
44, 3, 16
45, 3, 16
57, 3, 16
58, 3, 16
25, 3, 17
26, 3, 17
27, 3, 17
28, 3, 17
29, 3, 17
30, 3, 17
31, 3, 17
32, 3, 17
33, 3, 17
34, 3, 17
35, 3, 17
36, 3, 17
37, 3, 17
38, 3, 17
39, 3, 17
40, 3, 17
41, 3, 17
42, 3, 17
43, 3, 17
44, 3, 17
45, 3, 17
46, 3, 17
47, 3, 17
57, 3, 17
58, 3, 17
45, 3, 18
46, 3, 18
47, 3, 18
48, 3, 18
47, 3, 19
48, 3, 19
49, 3, 19
50, 3, 19
64, 3, 19
49, 3, 20
50, 3, 20
51, 3, 20
52, 3, 20
53, 3, 20
54, 3, 20
55, 3, 20
56, 3, 20
57, 3, 20
58, 3, 20
59, 3, 20
64, 3, 20
64, 3, 21
8, 3, 27
9, 3, 27
10, 3, 27
11, 3, 27
15, 3, 27
16, 3, 27
17, 3, 27
18, 3, 27
19, 3, 27
52, 3, 27
53, 3, 27
54, 3, 27
55, 3, 27
59, 3, 27
60, 3, 27
61, 3, 27
62, 3, 27
63, 3, 27
8, 3, 28
12, 3, 28
13, 3, 28
14, 3, 28
19, 3, 28
52, 3, 28
56, 3, 28
57, 3, 28
58, 3, 28
63, 3, 28
8, 3, 29
19, 3, 29
52, 3, 29
63, 3, 29
8, 3, 30
9, 3, 30
10, 3, 30
11, 3, 30
12, 3, 30
13, 3, 30
14, 3, 30
15, 3, 30
16, 3, 30
17, 3, 30
18, 3, 30
19, 3, 30
20, 3, 30
21, 3, 30
22, 3, 30
23, 3, 30
24, 3, 30
25, 3, 30
26, 3, 30
27, 3, 30
28, 3, 30
29, 3, 30
30, 3, 30
31, 3, 30
32, 3, 30
33, 3, 30
34, 3, 30
35, 3, 30
36, 3, 30
37, 3, 30
38, 3, 30
39, 3, 30
40, 3, 30
41, 3, 30
42, 3, 30
43, 3, 30
44, 3, 30
45, 3, 30
46, 3, 30
47, 3, 30
48, 3, 30
49, 3, 30
50, 3, 30
51, 3, 30
52, 3, 30
53, 3, 30
54, 3, 30
55, 3, 30
56, 3, 30
57, 3, 30
58, 3, 30
59, 3, 30
60, 3, 30
61, 3, 30
62, 3, 30
63, 3, 30
50, 3, 31
51, 3, 31
49, 4, 0
50, 4, 0
51, 4, 0
8, 4, 1
9, 4, 1
10, 4, 1
11, 4, 1
12, 4, 1
13, 4, 1
14, 4, 1
15, 4, 1
16, 4, 1
17, 4, 1
18, 4, 1
19, 4, 1
20, 4, 1
21, 4, 1
22, 4, 1
23, 4, 1
24, 4, 1
25, 4, 1
26, 4, 1
27, 4, 1
28, 4, 1
29, 4, 1
30, 4, 1
31, 4, 1
32, 4, 1
33, 4, 1
34, 4, 1
35, 4, 1
36, 4, 1
37, 4, 1
38, 4, 1
39, 4, 1
40, 4, 1
41, 4, 1
42, 4, 1
43, 4, 1
44, 4, 1
45, 4, 1
46, 4, 1
47, 4, 1
48, 4, 1
52, 4, 1
53, 4, 1
54, 4, 1
55, 4, 1
56, 4, 1
57, 4, 1
58, 4, 1
59, 4, 1
60, 4, 1
61, 4, 1
62, 4, 1
63, 4, 1
4, 4, 2
5, 4, 2
6, 4, 2
7, 4, 2
19, 4, 2
21, 4, 2
22, 4, 2
23, 4, 2
24, 4, 2
25, 4, 2
26, 4, 2
27, 4, 2
28, 4, 2
29, 4, 2
30, 4, 2
31, 4, 2
32, 4, 2
33, 4, 2
34, 4, 2
35, 4, 2
36, 4, 2
37, 4, 2
38, 4, 2
39, 4, 2
40, 4, 2
41, 4, 2
42, 4, 2
43, 4, 2
44, 4, 2
45, 4, 2
46, 4, 2
47, 4, 2
48, 4, 2
49, 4, 2
50, 4, 2
51, 4, 2
63, 4, 2
4, 4, 3
5, 4, 3
8, 4, 3
19, 4, 3
21, 4, 3
22, 4, 3
23, 4, 3
24, 4, 3
25, 4, 3
26, 4, 3
27, 4, 3
28, 4, 3
29, 4, 3
30, 4, 3
31, 4, 3
32, 4, 3
33, 4, 3
34, 4, 3
35, 4, 3
36, 4, 3
37, 4, 3
38, 4, 3
39, 4, 3
40, 4, 3
41, 4, 3
42, 4, 3
43, 4, 3
44, 4, 3
45, 4, 3
46, 4, 3
47, 4, 3
48, 4, 3
49, 4, 3
50, 4, 3
51, 4, 3
56, 4, 3
57, 4, 3
58, 4, 3
59, 4, 3
63, 4, 3
4, 4, 4
8, 4, 4
19, 4, 4
21, 4, 4
22, 4, 4
23, 4, 4
24, 4, 4
25, 4, 4
26, 4, 4
27, 4, 4
28, 4, 4
29, 4, 4
30, 4, 4
31, 4, 4
32, 4, 4
33, 4, 4
34, 4, 4
35, 4, 4
36, 4, 4
37, 4, 4
38, 4, 4
39, 4, 4
40, 4, 4
41, 4, 4
42, 4, 4
43, 4, 4
44, 4, 4
45, 4, 4
46, 4, 4
47, 4, 4
48, 4, 4
49, 4, 4
50, 4, 4
51, 4, 4
55, 4, 4
60, 4, 4
61, 4, 4
62, 4, 4
63, 4, 4
4, 4, 5
7, 4, 5
8, 4, 5
9, 4, 5
10, 4, 5
11, 4, 5
12, 4, 5
13, 4, 5
14, 4, 5
15, 4, 5
16, 4, 5
17, 4, 5
18, 4, 5
19, 4, 5
20, 4, 5
21, 4, 5
22, 4, 5
23, 4, 5
24, 4, 5
25, 4, 5
26, 4, 5
27, 4, 5
28, 4, 5
29, 4, 5
30, 4, 5
31, 4, 5
32, 4, 5
33, 4, 5
34, 4, 5
35, 4, 5
36, 4, 5
37, 4, 5
38, 4, 5
39, 4, 5
40, 4, 5
41, 4, 5
42, 4, 5
43, 4, 5
44, 4, 5
45, 4, 5
46, 4, 5
47, 4, 5
48, 4, 5
49, 4, 5
50, 4, 5
51, 4, 5
52, 4, 5
53, 4, 5
54, 4, 5
55, 4, 5
56, 4, 5
57, 4, 5
58, 4, 5
59, 4, 5
4, 4, 6
7, 4, 6
8, 4, 6
9, 4, 6
10, 4, 6
11, 4, 6
12, 4, 6
13, 4, 6
14, 4, 6
15, 4, 6
16, 4, 6
17, 4, 6
18, 4, 6
19, 4, 6
20, 4, 6
21, 4, 6
22, 4, 6
23, 4, 6
24, 4, 6
25, 4, 6
26, 4, 6
27, 4, 6
28, 4, 6
29, 4, 6
30, 4, 6
31, 4, 6
32, 4, 6
33, 4, 6
34, 4, 6
35, 4, 6
36, 4, 6
37, 4, 6
38, 4, 6
39, 4, 6
40, 4, 6
41, 4, 6
42, 4, 6
43, 4, 6
44, 4, 6
45, 4, 6
46, 4, 6
47, 4, 6
48, 4, 6
49, 4, 6
50, 4, 6
51, 4, 6
52, 4, 6
53, 4, 6
54, 4, 6
55, 4, 6
56, 4, 6
57, 4, 6
58, 4, 6
59, 4, 6
3, 4, 7
4, 4, 7
7, 4, 7
8, 4, 7
9, 4, 7
10, 4, 7
11, 4, 7
12, 4, 7
13, 4, 7
14, 4, 7
15, 4, 7
16, 4, 7
17, 4, 7
18, 4, 7
19, 4, 7
20, 4, 7
21, 4, 7
22, 4, 7
23, 4, 7
24, 4, 7
25, 4, 7
26, 4, 7
27, 4, 7
28, 4, 7
29, 4, 7
30, 4, 7
31, 4, 7
32, 4, 7
33, 4, 7
34, 4, 7
35, 4, 7
36, 4, 7
37, 4, 7
38, 4, 7
39, 4, 7
40, 4, 7
41, 4, 7
42, 4, 7
43, 4, 7
44, 4, 7
45, 4, 7
46, 4, 7
47, 4, 7
48, 4, 7
49, 4, 7
50, 4, 7
51, 4, 7
52, 4, 7
53, 4, 7
54, 4, 7
55, 4, 7
56, 4, 7
57, 4, 7
58, 4, 7
59, 4, 7
3, 4, 8
4, 4, 8
7, 4, 8
8, 4, 8
9, 4, 8
10, 4, 8
11, 4, 8
12, 4, 8
13, 4, 8
14, 4, 8
15, 4, 8
16, 4, 8
17, 4, 8
18, 4, 8
19, 4, 8
20, 4, 8
21, 4, 8
22, 4, 8
23, 4, 8
24, 4, 8
25, 4, 8
26, 4, 8
27, 4, 8
28, 4, 8
29, 4, 8
30, 4, 8
31, 4, 8
32, 4, 8
33, 4, 8
34, 4, 8
35, 4, 8
36, 4, 8
37, 4, 8
38, 4, 8
39, 4, 8
40, 4, 8
41, 4, 8
42, 4, 8
43, 4, 8
44, 4, 8
45, 4, 8
46, 4, 8
47, 4, 8
48, 4, 8
49, 4, 8
50, 4, 8
51, 4, 8
52, 4, 8
53, 4, 8
54, 4, 8
55, 4, 8
56, 4, 8
57, 4, 8
58, 4, 8
59, 4, 8
3, 4, 9
4, 4, 9
7, 4, 9
8, 4, 9
9, 4, 9
10, 4, 9
11, 4, 9
12, 4, 9
13, 4, 9
14, 4, 9
15, 4, 9
16, 4, 9
17, 4, 9
18, 4, 9
19, 4, 9
20, 4, 9
21, 4, 9
22, 4, 9
23, 4, 9
24, 4, 9
25, 4, 9
26, 4, 9
27, 4, 9
28, 4, 9
29, 4, 9
30, 4, 9
31, 4, 9
32, 4, 9
33, 4, 9
34, 4, 9
35, 4, 9
36, 4, 9
37, 4, 9
38, 4, 9
39, 4, 9
40, 4, 9
41, 4, 9
42, 4, 9
43, 4, 9
44, 4, 9
45, 4, 9
46, 4, 9
47, 4, 9
48, 4, 9
49, 4, 9
50, 4, 9
51, 4, 9
52, 4, 9
53, 4, 9
54, 4, 9
55, 4, 9
56, 4, 9
57, 4, 9
58, 4, 9
59, 4, 9
64, 4, 9
65, 4, 9
66, 4, 9
67, 4, 9
68, 4, 9
69, 4, 9
3, 4, 10
7, 4, 10
8, 4, 10
9, 4, 10
10, 4, 10
11, 4, 10
12, 4, 10
13, 4, 10
14, 4, 10
15, 4, 10
16, 4, 10
17, 4, 10
18, 4, 10
19, 4, 10
20, 4, 10
21, 4, 10
22, 4, 10
23, 4, 10
24, 4, 10
25, 4, 10
26, 4, 10
27, 4, 10
28, 4, 10
29, 4, 10
30, 4, 10
31, 4, 10
32, 4, 10
33, 4, 10
34, 4, 10
35, 4, 10
36, 4, 10
37, 4, 10
38, 4, 10
39, 4, 10
40, 4, 10
41, 4, 10
42, 4, 10
43, 4, 10
44, 4, 10
45, 4, 10
46, 4, 10
47, 4, 10
48, 4, 10
49, 4, 10
50, 4, 10
60, 4, 10
61, 4, 10
62, 4, 10
63, 4, 10
65, 4, 10
66, 4, 10
67, 4, 10
68, 4, 10
69, 4, 10
70, 4, 10
71, 4, 10
72, 4, 10
3, 4, 11
7, 4, 11
8, 4, 11
9, 4, 11
10, 4, 11
11, 4, 11
12, 4, 11
13, 4, 11
14, 4, 11
15, 4, 11
16, 4, 11
17, 4, 11
18, 4, 11
19, 4, 11
20, 4, 11
21, 4, 11
22, 4, 11
23, 4, 11
24, 4, 11
25, 4, 11
26, 4, 11
27, 4, 11
28, 4, 11
29, 4, 11
30, 4, 11
31, 4, 11
32, 4, 11
33, 4, 11
34, 4, 11
35, 4, 11
36, 4, 11
37, 4, 11
38, 4, 11
39, 4, 11
40, 4, 11
41, 4, 11
42, 4, 11
43, 4, 11
44, 4, 11
45, 4, 11
46, 4, 11
47, 4, 11
48, 4, 11
60, 4, 11
61, 4, 11
62, 4, 11
63, 4, 11
65, 4, 11
66, 4, 11
67, 4, 11
68, 4, 11
69, 4, 11
70, 4, 11
71, 4, 11
72, 4, 11
2, 4, 12
3, 4, 12
7, 4, 12
8, 4, 12
9, 4, 12
10, 4, 12
11, 4, 12
12, 4, 12
13, 4, 12
14, 4, 12
15, 4, 12
16, 4, 12
17, 4, 12
18, 4, 12
19, 4, 12
20, 4, 12
21, 4, 12
22, 4, 12
23, 4, 12
24, 4, 12
25, 4, 12
26, 4, 12
27, 4, 12
28, 4, 12
29, 4, 12
30, 4, 12
31, 4, 12
32, 4, 12
33, 4, 12
34, 4, 12
35, 4, 12
36, 4, 12
37, 4, 12
38, 4, 12
39, 4, 12
40, 4, 12
41, 4, 12
42, 4, 12
43, 4, 12
44, 4, 12
45, 4, 12
46, 4, 12
51, 4, 12
52, 4, 12
53, 4, 12
54, 4, 12
55, 4, 12
56, 4, 12
57, 4, 12
58, 4, 12
59, 4, 12
63, 4, 12
64, 4, 12
65, 4, 12
66, 4, 12
67, 4, 12
68, 4, 12
69, 4, 12
70, 4, 12
71, 4, 12
72, 4, 12
2, 4, 13
3, 4, 13
7, 4, 13
8, 4, 13
9, 4, 13
10, 4, 13
11, 4, 13
12, 4, 13
13, 4, 13
14, 4, 13
15, 4, 13
16, 4, 13
17, 4, 13
18, 4, 13
19, 4, 13
20, 4, 13
21, 4, 13
22, 4, 13
23, 4, 13
24, 4, 13
25, 4, 13
26, 4, 13
27, 4, 13
28, 4, 13
29, 4, 13
30, 4, 13
31, 4, 13
32, 4, 13
33, 4, 13
34, 4, 13
35, 4, 13
36, 4, 13
37, 4, 13
38, 4, 13
39, 4, 13
40, 4, 13
41, 4, 13
42, 4, 13
43, 4, 13
44, 4, 13
49, 4, 13
50, 4, 13
51, 4, 13
52, 4, 13
53, 4, 13
54, 4, 13
55, 4, 13
56, 4, 13
57, 4, 13
58, 4, 13
59, 4, 13
2, 4, 14
3, 4, 14
7, 4, 14
8, 4, 14
9, 4, 14
10, 4, 14
11, 4, 14
12, 4, 14
13, 4, 14
14, 4, 14
15, 4, 14
16, 4, 14
17, 4, 14
18, 4, 14
19, 4, 14
20, 4, 14
21, 4, 14
22, 4, 14
23, 4, 14
24, 4, 14
47, 4, 14
48, 4, 14
49, 4, 14
50, 4, 14
51, 4, 14
52, 4, 14
53, 4, 14
54, 4, 14
55, 4, 14
56, 4, 14
59, 4, 14
2, 4, 15
3, 4, 15
7, 4, 15
8, 4, 15
9, 4, 15
10, 4, 15
11, 4, 15
12, 4, 15
13, 4, 15
14, 4, 15
15, 4, 15
16, 4, 15
17, 4, 15
18, 4, 15
19, 4, 15
20, 4, 15
21, 4, 15
22, 4, 15
23, 4, 15
24, 4, 15
45, 4, 15
46, 4, 15
47, 4, 15
48, 4, 15
49, 4, 15
50, 4, 15
51, 4, 15
52, 4, 15
53, 4, 15
54, 4, 15
55, 4, 15
56, 4, 15
59, 4, 15
2, 4, 16
3, 4, 16
7, 4, 16
8, 4, 16
9, 4, 16
10, 4, 16
11, 4, 16
12, 4, 16
13, 4, 16
14, 4, 16
15, 4, 16
16, 4, 16
17, 4, 16
18, 4, 16
19, 4, 16
20, 4, 16
21, 4, 16
22, 4, 16
23, 4, 16
24, 4, 16
46, 4, 16
47, 4, 16
48, 4, 16
49, 4, 16
50, 4, 16
51, 4, 16
52, 4, 16
53, 4, 16
54, 4, 16
55, 4, 16
56, 4, 16
59, 4, 16
2, 4, 17
3, 4, 17
7, 4, 17
8, 4, 17
9, 4, 17
10, 4, 17
11, 4, 17
12, 4, 17
13, 4, 17
14, 4, 17
15, 4, 17
16, 4, 17
17, 4, 17
18, 4, 17
19, 4, 17
20, 4, 17
21, 4, 17
22, 4, 17
23, 4, 17
24, 4, 17
48, 4, 17
49, 4, 17
50, 4, 17
51, 4, 17
52, 4, 17
53, 4, 17
54, 4, 17
55, 4, 17
56, 4, 17
59, 4, 17
2, 4, 18
3, 4, 18
7, 4, 18
8, 4, 18
9, 4, 18
10, 4, 18
11, 4, 18
12, 4, 18
13, 4, 18
14, 4, 18
15, 4, 18
16, 4, 18
17, 4, 18
18, 4, 18
19, 4, 18
20, 4, 18
21, 4, 18
22, 4, 18
23, 4, 18
24, 4, 18
25, 4, 18
26, 4, 18
27, 4, 18
28, 4, 18
29, 4, 18
30, 4, 18
31, 4, 18
32, 4, 18
33, 4, 18
34, 4, 18
35, 4, 18
36, 4, 18
37, 4, 18
38, 4, 18
39, 4, 18
40, 4, 18
41, 4, 18
42, 4, 18
43, 4, 18
44, 4, 18
49, 4, 18
50, 4, 18
51, 4, 18
52, 4, 18
53, 4, 18
54, 4, 18
55, 4, 18
56, 4, 18
57, 4, 18
58, 4, 18
59, 4, 18
2, 4, 19
3, 4, 19
7, 4, 19
8, 4, 19
9, 4, 19
10, 4, 19
11, 4, 19
12, 4, 19
13, 4, 19
14, 4, 19
15, 4, 19
16, 4, 19
17, 4, 19
18, 4, 19
19, 4, 19
20, 4, 19
21, 4, 19
22, 4, 19
23, 4, 19
24, 4, 19
25, 4, 19
26, 4, 19
27, 4, 19
28, 4, 19
29, 4, 19
30, 4, 19
31, 4, 19
32, 4, 19
33, 4, 19
34, 4, 19
35, 4, 19
36, 4, 19
37, 4, 19
38, 4, 19
39, 4, 19
40, 4, 19
41, 4, 19
42, 4, 19
43, 4, 19
44, 4, 19
45, 4, 19
46, 4, 19
51, 4, 19
52, 4, 19
53, 4, 19
54, 4, 19
55, 4, 19
56, 4, 19
57, 4, 19
58, 4, 19
59, 4, 19
63, 4, 19
64, 4, 19
65, 4, 19
66, 4, 19
67, 4, 19
68, 4, 19
69, 4, 19
70, 4, 19
71, 4, 19
72, 4, 19
3, 4, 20
7, 4, 20
8, 4, 20
9, 4, 20
10, 4, 20
11, 4, 20
12, 4, 20
13, 4, 20
14, 4, 20
15, 4, 20
16, 4, 20
17, 4, 20
18, 4, 20
19, 4, 20
20, 4, 20
21, 4, 20
22, 4, 20
23, 4, 20
24, 4, 20
25, 4, 20
26, 4, 20
27, 4, 20
28, 4, 20
29, 4, 20
30, 4, 20
31, 4, 20
32, 4, 20
33, 4, 20
34, 4, 20
35, 4, 20
36, 4, 20
37, 4, 20
38, 4, 20
39, 4, 20
40, 4, 20
41, 4, 20
42, 4, 20
43, 4, 20
44, 4, 20
45, 4, 20
46, 4, 20
47, 4, 20
48, 4, 20
60, 4, 20
61, 4, 20
62, 4, 20
63, 4, 20
65, 4, 20
66, 4, 20
67, 4, 20
68, 4, 20
69, 4, 20
70, 4, 20
71, 4, 20
72, 4, 20
3, 4, 21
7, 4, 21
8, 4, 21
9, 4, 21
10, 4, 21
11, 4, 21
12, 4, 21
13, 4, 21
14, 4, 21
15, 4, 21
16, 4, 21
17, 4, 21
18, 4, 21
19, 4, 21
20, 4, 21
21, 4, 21
22, 4, 21
23, 4, 21
24, 4, 21
25, 4, 21
26, 4, 21
27, 4, 21
28, 4, 21
29, 4, 21
30, 4, 21
31, 4, 21
32, 4, 21
33, 4, 21
34, 4, 21
35, 4, 21
36, 4, 21
37, 4, 21
38, 4, 21
39, 4, 21
40, 4, 21
41, 4, 21
42, 4, 21
43, 4, 21
44, 4, 21
45, 4, 21
46, 4, 21
47, 4, 21
48, 4, 21
49, 4, 21
50, 4, 21
51, 4, 21
52, 4, 21
53, 4, 21
54, 4, 21
55, 4, 21
56, 4, 21
57, 4, 21
58, 4, 21
59, 4, 21
60, 4, 21
61, 4, 21
62, 4, 21
63, 4, 21
65, 4, 21
66, 4, 21
67, 4, 21
68, 4, 21
69, 4, 21
70, 4, 21
71, 4, 21
72, 4, 21
3, 4, 22
4, 4, 22
7, 4, 22
8, 4, 22
9, 4, 22
10, 4, 22
11, 4, 22
12, 4, 22
13, 4, 22
14, 4, 22
15, 4, 22
16, 4, 22
17, 4, 22
18, 4, 22
19, 4, 22
20, 4, 22
21, 4, 22
22, 4, 22
23, 4, 22
24, 4, 22
25, 4, 22
26, 4, 22
27, 4, 22
28, 4, 22
29, 4, 22
30, 4, 22
31, 4, 22
32, 4, 22
33, 4, 22
34, 4, 22
35, 4, 22
36, 4, 22
37, 4, 22
38, 4, 22
39, 4, 22
40, 4, 22
41, 4, 22
42, 4, 22
43, 4, 22
44, 4, 22
45, 4, 22
46, 4, 22
47, 4, 22
48, 4, 22
49, 4, 22
50, 4, 22
51, 4, 22
52, 4, 22
53, 4, 22
54, 4, 22
55, 4, 22
56, 4, 22
57, 4, 22
58, 4, 22
59, 4, 22
64, 4, 22
65, 4, 22
66, 4, 22
67, 4, 22
68, 4, 22
69, 4, 22
3, 4, 23
4, 4, 23
7, 4, 23
8, 4, 23
9, 4, 23
10, 4, 23
11, 4, 23
12, 4, 23
13, 4, 23
14, 4, 23
15, 4, 23
16, 4, 23
17, 4, 23
18, 4, 23
19, 4, 23
20, 4, 23
21, 4, 23
22, 4, 23
23, 4, 23
24, 4, 23
25, 4, 23
26, 4, 23
27, 4, 23
28, 4, 23
29, 4, 23
30, 4, 23
31, 4, 23
32, 4, 23
33, 4, 23
34, 4, 23
35, 4, 23
36, 4, 23
37, 4, 23
38, 4, 23
39, 4, 23
40, 4, 23
41, 4, 23
42, 4, 23
43, 4, 23
44, 4, 23
45, 4, 23
46, 4, 23
47, 4, 23
48, 4, 23
49, 4, 23
50, 4, 23
51, 4, 23
52, 4, 23
53, 4, 23
54, 4, 23
55, 4, 23
56, 4, 23
57, 4, 23
58, 4, 23
59, 4, 23
3, 4, 24
4, 4, 24
7, 4, 24
8, 4, 24
9, 4, 24
10, 4, 24
11, 4, 24
12, 4, 24
13, 4, 24
14, 4, 24
15, 4, 24
16, 4, 24
17, 4, 24
18, 4, 24
19, 4, 24
20, 4, 24
21, 4, 24
22, 4, 24
23, 4, 24
24, 4, 24
25, 4, 24
26, 4, 24
27, 4, 24
28, 4, 24
29, 4, 24
30, 4, 24
31, 4, 24
32, 4, 24
33, 4, 24
34, 4, 24
35, 4, 24
36, 4, 24
37, 4, 24
38, 4, 24
39, 4, 24
40, 4, 24
41, 4, 24
42, 4, 24
43, 4, 24
44, 4, 24
45, 4, 24
46, 4, 24
47, 4, 24
48, 4, 24
49, 4, 24
50, 4, 24
51, 4, 24
52, 4, 24
53, 4, 24
54, 4, 24
55, 4, 24
56, 4, 24
57, 4, 24
58, 4, 24
59, 4, 24
4, 4, 25
7, 4, 25
8, 4, 25
9, 4, 25
10, 4, 25
11, 4, 25
12, 4, 25
13, 4, 25
14, 4, 25
15, 4, 25
16, 4, 25
17, 4, 25
18, 4, 25
19, 4, 25
20, 4, 25
21, 4, 25
22, 4, 25
23, 4, 25
24, 4, 25
25, 4, 25
26, 4, 25
27, 4, 25
28, 4, 25
29, 4, 25
30, 4, 25
31, 4, 25
32, 4, 25
33, 4, 25
34, 4, 25
35, 4, 25
36, 4, 25
37, 4, 25
38, 4, 25
39, 4, 25
40, 4, 25
41, 4, 25
42, 4, 25
43, 4, 25
44, 4, 25
45, 4, 25
46, 4, 25
47, 4, 25
48, 4, 25
49, 4, 25
50, 4, 25
51, 4, 25
52, 4, 25
53, 4, 25
54, 4, 25
55, 4, 25
56, 4, 25
57, 4, 25
58, 4, 25
59, 4, 25
4, 4, 26
7, 4, 26
8, 4, 26
9, 4, 26
10, 4, 26
11, 4, 26
12, 4, 26
13, 4, 26
14, 4, 26
15, 4, 26
16, 4, 26
17, 4, 26
18, 4, 26
19, 4, 26
20, 4, 26
21, 4, 26
22, 4, 26
23, 4, 26
24, 4, 26
25, 4, 26
26, 4, 26
27, 4, 26
28, 4, 26
29, 4, 26
30, 4, 26
31, 4, 26
32, 4, 26
33, 4, 26
34, 4, 26
35, 4, 26
36, 4, 26
37, 4, 26
38, 4, 26
39, 4, 26
40, 4, 26
41, 4, 26
42, 4, 26
43, 4, 26
44, 4, 26
45, 4, 26
46, 4, 26
47, 4, 26
48, 4, 26
49, 4, 26
50, 4, 26
51, 4, 26
52, 4, 26
53, 4, 26
54, 4, 26
55, 4, 26
56, 4, 26
57, 4, 26
58, 4, 26
59, 4, 26
4, 4, 27
8, 4, 27
10, 4, 27
16, 4, 27
19, 4, 27
21, 4, 27
22, 4, 27
23, 4, 27
24, 4, 27
25, 4, 27
26, 4, 27
27, 4, 27
28, 4, 27
29, 4, 27
30, 4, 27
31, 4, 27
32, 4, 27
33, 4, 27
34, 4, 27
35, 4, 27
36, 4, 27
37, 4, 27
38, 4, 27
39, 4, 27
40, 4, 27
41, 4, 27
42, 4, 27
43, 4, 27
44, 4, 27
45, 4, 27
46, 4, 27
47, 4, 27
48, 4, 27
49, 4, 27
50, 4, 27
51, 4, 27
55, 4, 27
60, 4, 27
61, 4, 27
62, 4, 27
63, 4, 27
4, 4, 28
5, 4, 28
8, 4, 28
11, 4, 28
12, 4, 28
13, 4, 28
14, 4, 28
15, 4, 28
19, 4, 28
21, 4, 28
22, 4, 28
23, 4, 28
24, 4, 28
25, 4, 28
26, 4, 28
27, 4, 28
28, 4, 28
29, 4, 28
30, 4, 28
31, 4, 28
32, 4, 28
33, 4, 28
34, 4, 28
35, 4, 28
36, 4, 28
37, 4, 28
38, 4, 28
39, 4, 28
40, 4, 28
41, 4, 28
42, 4, 28
43, 4, 28
44, 4, 28
45, 4, 28
46, 4, 28
47, 4, 28
48, 4, 28
49, 4, 28
50, 4, 28
51, 4, 28
56, 4, 28
57, 4, 28
58, 4, 28
59, 4, 28
63, 4, 28
4, 4, 29
5, 4, 29
6, 4, 29
7, 4, 29
19, 4, 29
21, 4, 29
22, 4, 29
23, 4, 29
24, 4, 29
25, 4, 29
26, 4, 29
27, 4, 29
28, 4, 29
29, 4, 29
30, 4, 29
31, 4, 29
32, 4, 29
33, 4, 29
34, 4, 29
35, 4, 29
36, 4, 29
37, 4, 29
38, 4, 29
39, 4, 29
40, 4, 29
41, 4, 29
42, 4, 29
43, 4, 29
44, 4, 29
45, 4, 29
46, 4, 29
47, 4, 29
48, 4, 29
49, 4, 29
50, 4, 29
51, 4, 29
63, 4, 29
8, 4, 30
9, 4, 30
10, 4, 30
11, 4, 30
12, 4, 30
13, 4, 30
14, 4, 30
15, 4, 30
16, 4, 30
17, 4, 30
18, 4, 30
19, 4, 30
20, 4, 30
21, 4, 30
22, 4, 30
23, 4, 30
24, 4, 30
25, 4, 30
26, 4, 30
27, 4, 30
28, 4, 30
29, 4, 30
30, 4, 30
31, 4, 30
32, 4, 30
33, 4, 30
34, 4, 30
35, 4, 30
36, 4, 30
37, 4, 30
38, 4, 30
39, 4, 30
40, 4, 30
41, 4, 30
42, 4, 30
43, 4, 30
44, 4, 30
45, 4, 30
46, 4, 30
47, 4, 30
48, 4, 30
52, 4, 30
53, 4, 30
54, 4, 30
55, 4, 30
56, 4, 30
57, 4, 30
58, 4, 30
59, 4, 30
60, 4, 30
61, 4, 30
62, 4, 30
63, 4, 30
49, 4, 31
50, 4, 31
51, 4, 31
49, 5, 0
50, 5, 0
51, 5, 0
5, 5, 1
6, 5, 1
7, 5, 1
8, 5, 1
9, 5, 1
10, 5, 1
11, 5, 1
12, 5, 1
13, 5, 1
14, 5, 1
15, 5, 1
16, 5, 1
17, 5, 1
18, 5, 1
19, 5, 1
20, 5, 1
21, 5, 1
22, 5, 1
23, 5, 1
24, 5, 1
25, 5, 1
26, 5, 1
27, 5, 1
28, 5, 1
29, 5, 1
30, 5, 1
31, 5, 1
32, 5, 1
33, 5, 1
34, 5, 1
35, 5, 1
36, 5, 1
37, 5, 1
38, 5, 1
39, 5, 1
40, 5, 1
41, 5, 1
42, 5, 1
43, 5, 1
44, 5, 1
45, 5, 1
46, 5, 1
47, 5, 1
48, 5, 1
52, 5, 1
53, 5, 1
54, 5, 1
55, 5, 1
56, 5, 1
57, 5, 1
58, 5, 1
59, 5, 1
60, 5, 1
61, 5, 1
62, 5, 1
63, 5, 1
3, 5, 2
4, 5, 2
20, 5, 2
64, 5, 2
65, 5, 2
66, 5, 2
67, 5, 2
68, 5, 2
3, 5, 3
6, 5, 3
7, 5, 3
20, 5, 3
56, 5, 3
57, 5, 3
58, 5, 3
59, 5, 3
60, 5, 3
63, 5, 3
65, 5, 3
66, 5, 3
67, 5, 3
68, 5, 3
69, 5, 3
3, 5, 4
5, 5, 4
6, 5, 4
7, 5, 4
20, 5, 4
55, 5, 4
61, 5, 4
63, 5, 4
65, 5, 4
66, 5, 4
3, 5, 5
5, 5, 5
6, 5, 5
56, 5, 5
57, 5, 5
58, 5, 5
59, 5, 5
60, 5, 5
61, 5, 5
62, 5, 5
63, 5, 5
64, 5, 5
65, 5, 5
66, 5, 5
0, 5, 6
1, 5, 6
2, 5, 6
3, 5, 6
5, 5, 6
6, 5, 6
60, 5, 6
61, 5, 6
62, 5, 6
63, 5, 6
64, 5, 6
65, 5, 6
66, 5, 6
0, 5, 7
1, 5, 7
2, 5, 7
5, 5, 7
6, 5, 7
60, 5, 7
61, 5, 7
62, 5, 7
63, 5, 7
64, 5, 7
65, 5, 7
66, 5, 7
2, 5, 8
5, 5, 8
6, 5, 8
60, 5, 8
61, 5, 8
62, 5, 8
63, 5, 8
64, 5, 8
65, 5, 8
66, 5, 8
2, 5, 9
5, 5, 9
6, 5, 9
60, 5, 9
61, 5, 9
62, 5, 9
63, 5, 9
67, 5, 9
68, 5, 9
69, 5, 9
70, 5, 9
71, 5, 9
72, 5, 9
73, 5, 9
2, 5, 10
4, 5, 10
5, 5, 10
6, 5, 10
69, 5, 10
70, 5, 10
71, 5, 10
73, 5, 10
2, 5, 11
4, 5, 11
5, 5, 11
6, 5, 11
69, 5, 11
70, 5, 11
71, 5, 11
73, 5, 11
1, 5, 12
4, 5, 12
5, 5, 12
6, 5, 12
60, 5, 12
61, 5, 12
62, 5, 12
67, 5, 12
68, 5, 12
69, 5, 12
70, 5, 12
71, 5, 12
72, 5, 12
73, 5, 12
1, 5, 13
4, 5, 13
5, 5, 13
6, 5, 13
60, 5, 13
61, 5, 13
62, 5, 13
63, 5, 13
64, 5, 13
65, 5, 13
66, 5, 13
1, 5, 14
4, 5, 14
5, 5, 14
6, 5, 14
60, 5, 14
61, 5, 14
62, 5, 14
63, 5, 14
64, 5, 14
65, 5, 14
66, 5, 14
1, 5, 15
4, 5, 15
5, 5, 15
6, 5, 15
60, 5, 15
61, 5, 15
62, 5, 15
63, 5, 15
64, 5, 15
65, 5, 15
66, 5, 15
1, 5, 16
4, 5, 16
5, 5, 16
6, 5, 16
60, 5, 16
61, 5, 16
62, 5, 16
63, 5, 16
64, 5, 16
65, 5, 16
66, 5, 16
1, 5, 17
4, 5, 17
5, 5, 17
6, 5, 17
60, 5, 17
61, 5, 17
62, 5, 17
63, 5, 17
64, 5, 17
65, 5, 17
66, 5, 17
1, 5, 18
4, 5, 18
5, 5, 18
6, 5, 18
60, 5, 18
61, 5, 18
62, 5, 18
63, 5, 18
64, 5, 18
65, 5, 18
66, 5, 18
1, 5, 19
4, 5, 19
5, 5, 19
6, 5, 19
60, 5, 19
61, 5, 19
62, 5, 19
67, 5, 19
68, 5, 19
69, 5, 19
70, 5, 19
71, 5, 19
72, 5, 19
73, 5, 19
2, 5, 20
4, 5, 20
5, 5, 20
6, 5, 20
69, 5, 20
70, 5, 20
71, 5, 20
73, 5, 20
2, 5, 21
4, 5, 21
5, 5, 21
6, 5, 21
69, 5, 21
70, 5, 21
71, 5, 21
72, 5, 21
73, 5, 21
2, 5, 22
5, 5, 22
6, 5, 22
60, 5, 22
61, 5, 22
62, 5, 22
63, 5, 22
67, 5, 22
68, 5, 22
69, 5, 22
2, 5, 23
5, 5, 23
6, 5, 23
60, 5, 23
61, 5, 23
62, 5, 23
63, 5, 23
64, 5, 23
65, 5, 23
66, 5, 23
0, 5, 24
1, 5, 24
2, 5, 24
5, 5, 24
6, 5, 24
60, 5, 24
61, 5, 24
62, 5, 24
63, 5, 24
64, 5, 24
65, 5, 24
66, 5, 24
0, 5, 25
1, 5, 25
2, 5, 25
3, 5, 25
5, 5, 25
6, 5, 25
60, 5, 25
61, 5, 25
62, 5, 25
63, 5, 25
64, 5, 25
65, 5, 25
66, 5, 25
3, 5, 26
5, 5, 26
6, 5, 26
11, 5, 26
12, 5, 26
13, 5, 26
14, 5, 26
56, 5, 26
57, 5, 26
58, 5, 26
59, 5, 26
60, 5, 26
61, 5, 26
62, 5, 26
63, 5, 26
64, 5, 26
65, 5, 26
66, 5, 26
3, 5, 27
5, 5, 27
6, 5, 27
7, 5, 27
10, 5, 27
15, 5, 27
20, 5, 27
55, 5, 27
61, 5, 27
63, 5, 27
65, 5, 27
66, 5, 27
3, 5, 28
6, 5, 28
7, 5, 28
11, 5, 28
12, 5, 28
13, 5, 28
14, 5, 28
20, 5, 28
56, 5, 28
57, 5, 28
58, 5, 28
59, 5, 28
60, 5, 28
63, 5, 28
65, 5, 28
66, 5, 28
67, 5, 28
68, 5, 28
69, 5, 28
3, 5, 29
4, 5, 29
20, 5, 29
64, 5, 29
65, 5, 29
66, 5, 29
67, 5, 29
68, 5, 29
5, 5, 30
6, 5, 30
7, 5, 30
8, 5, 30
9, 5, 30
10, 5, 30
11, 5, 30
12, 5, 30
13, 5, 30
14, 5, 30
15, 5, 30
16, 5, 30
17, 5, 30
18, 5, 30
19, 5, 30
20, 5, 30
21, 5, 30
22, 5, 30
23, 5, 30
24, 5, 30
25, 5, 30
26, 5, 30
27, 5, 30
28, 5, 30
29, 5, 30
30, 5, 30
31, 5, 30
32, 5, 30
33, 5, 30
34, 5, 30
35, 5, 30
36, 5, 30
37, 5, 30
38, 5, 30
39, 5, 30
40, 5, 30
41, 5, 30
42, 5, 30
43, 5, 30
44, 5, 30
45, 5, 30
46, 5, 30
47, 5, 30
48, 5, 30
52, 5, 30
53, 5, 30
54, 5, 30
55, 5, 30
56, 5, 30
57, 5, 30
58, 5, 30
59, 5, 30
60, 5, 30
61, 5, 30
62, 5, 30
63, 5, 30
49, 5, 31
50, 5, 31
51, 5, 31
20, 6, 0
21, 6, 0
22, 6, 0
49, 6, 0
50, 6, 0
51, 6, 0
1, 6, 1
2, 6, 1
3, 6, 1
4, 6, 1
5, 6, 1
6, 6, 1
7, 6, 1
8, 6, 1
9, 6, 1
10, 6, 1
11, 6, 1
12, 6, 1
13, 6, 1
14, 6, 1
15, 6, 1
16, 6, 1
17, 6, 1
18, 6, 1
19, 6, 1
23, 6, 1
24, 6, 1
25, 6, 1
26, 6, 1
27, 6, 1
28, 6, 1
29, 6, 1
30, 6, 1
31, 6, 1
32, 6, 1
33, 6, 1
34, 6, 1
35, 6, 1
36, 6, 1
37, 6, 1
38, 6, 1
39, 6, 1
40, 6, 1
41, 6, 1
42, 6, 1
43, 6, 1
44, 6, 1
45, 6, 1
46, 6, 1
47, 6, 1
48, 6, 1
52, 6, 1
53, 6, 1
54, 6, 1
55, 6, 1
56, 6, 1
57, 6, 1
58, 6, 1
59, 6, 1
60, 6, 1
61, 6, 1
62, 6, 1
63, 6, 1
64, 6, 1
65, 6, 1
67, 6, 1
68, 6, 1
69, 6, 1
0, 6, 2
1, 6, 2
2, 6, 2
66, 6, 2
69, 6, 2
70, 6, 2
71, 6, 2
72, 6, 2
73, 6, 2
0, 6, 3
1, 6, 3
2, 6, 3
57, 6, 3
58, 6, 3
59, 6, 3
60, 6, 3
64, 6, 3
70, 6, 3
71, 6, 3
72, 6, 3
73, 6, 3
74, 6, 3
0, 6, 4
1, 6, 4
2, 6, 4
56, 6, 4
61, 6, 4
64, 6, 4
67, 6, 4
68, 6, 4
69, 6, 4
70, 6, 4
71, 6, 4
72, 6, 4
73, 6, 4
74, 6, 4
0, 6, 5
1, 6, 5
2, 6, 5
57, 6, 5
58, 6, 5
59, 6, 5
60, 6, 5
67, 6, 5
68, 6, 5
69, 6, 5
70, 6, 5
71, 6, 5
72, 6, 5
73, 6, 5
74, 6, 5
0, 6, 6
67, 6, 6
68, 6, 6
69, 6, 6
72, 6, 6
73, 6, 6
0, 6, 7
67, 6, 7
68, 6, 7
72, 6, 7
73, 6, 7
1, 6, 8
67, 6, 8
68, 6, 8
72, 6, 8
73, 6, 8
74, 6, 8
0, 6, 9
1, 6, 9
68, 6, 9
72, 6, 9
74, 6, 9
0, 6, 10
1, 6, 10
68, 6, 10
72, 6, 10
73, 6, 10
0, 6, 11
1, 6, 11
68, 6, 11
72, 6, 11
73, 6, 11
0, 6, 12
68, 6, 12
72, 6, 12
73, 6, 12
0, 6, 13
67, 6, 13
68, 6, 13
72, 6, 13
73, 6, 13
0, 6, 14
67, 6, 14
68, 6, 14
72, 6, 14
73, 6, 14
0, 6, 15
67, 6, 15
68, 6, 15
72, 6, 15
73, 6, 15
0, 6, 16
67, 6, 16
68, 6, 16
72, 6, 16
73, 6, 16
0, 6, 17
67, 6, 17
68, 6, 17
72, 6, 17
73, 6, 17
0, 6, 18
67, 6, 18
68, 6, 18
72, 6, 18
73, 6, 18
0, 6, 19
68, 6, 19
72, 6, 19
73, 6, 19
0, 6, 20
1, 6, 20
68, 6, 20
72, 6, 20
73, 6, 20
0, 6, 21
1, 6, 21
68, 6, 21
72, 6, 21
73, 6, 21
0, 6, 22
1, 6, 22
68, 6, 22
72, 6, 22
73, 6, 22
74, 6, 22
1, 6, 23
67, 6, 23
68, 6, 23
72, 6, 23
73, 6, 23
74, 6, 23
0, 6, 24
67, 6, 24
68, 6, 24
72, 6, 24
73, 6, 24
0, 6, 25
67, 6, 25
68, 6, 25
69, 6, 25
72, 6, 25
73, 6, 25
0, 6, 26
1, 6, 26
2, 6, 26
11, 6, 26
12, 6, 26
13, 6, 26
14, 6, 26
57, 6, 26
58, 6, 26
59, 6, 26
60, 6, 26
67, 6, 26
68, 6, 26
69, 6, 26
70, 6, 26
71, 6, 26
72, 6, 26
73, 6, 26
74, 6, 26
0, 6, 27
1, 6, 27
2, 6, 27
10, 6, 27
15, 6, 27
56, 6, 27
61, 6, 27
64, 6, 27
67, 6, 27
68, 6, 27
69, 6, 27
70, 6, 27
71, 6, 27
72, 6, 27
73, 6, 27
74, 6, 27
0, 6, 28
1, 6, 28
2, 6, 28
11, 6, 28
12, 6, 28
13, 6, 28
14, 6, 28
57, 6, 28
58, 6, 28
59, 6, 28
60, 6, 28
64, 6, 28
70, 6, 28
71, 6, 28
72, 6, 28
73, 6, 28
74, 6, 28
0, 6, 29
1, 6, 29
2, 6, 29
66, 6, 29
69, 6, 29
70, 6, 29
71, 6, 29
72, 6, 29
73, 6, 29
1, 6, 30
2, 6, 30
3, 6, 30
4, 6, 30
7, 6, 30
8, 6, 30
9, 6, 30
10, 6, 30
11, 6, 30
12, 6, 30
13, 6, 30
14, 6, 30
15, 6, 30
16, 6, 30
17, 6, 30
18, 6, 30
19, 6, 30
24, 6, 30
25, 6, 30
26, 6, 30
27, 6, 30
28, 6, 30
29, 6, 30
30, 6, 30
31, 6, 30
32, 6, 30
33, 6, 30
34, 6, 30
35, 6, 30
36, 6, 30
37, 6, 30
38, 6, 30
39, 6, 30
40, 6, 30
41, 6, 30
42, 6, 30
43, 6, 30
44, 6, 30
45, 6, 30
46, 6, 30
47, 6, 30
48, 6, 30
52, 6, 30
53, 6, 30
54, 6, 30
55, 6, 30
56, 6, 30
57, 6, 30
58, 6, 30
59, 6, 30
60, 6, 30
61, 6, 30
62, 6, 30
63, 6, 30
64, 6, 30
65, 6, 30
67, 6, 30
68, 6, 30
69, 6, 30
5, 6, 31
6, 6, 31
20, 6, 31
21, 6, 31
22, 6, 31
23, 6, 31
49, 6, 31
50, 6, 31
51, 6, 31
5, 7, 0
6, 7, 0
20, 7, 0
21, 7, 0
22, 7, 0
23, 7, 0
24, 7, 0
25, 7, 0
26, 7, 0
49, 7, 0
50, 7, 0
51, 7, 0
1, 7, 1
2, 7, 1
3, 7, 1
4, 7, 1
7, 7, 1
8, 7, 1
9, 7, 1
10, 7, 1
11, 7, 1
12, 7, 1
13, 7, 1
14, 7, 1
15, 7, 1
16, 7, 1
17, 7, 1
18, 7, 1
19, 7, 1
27, 7, 1
28, 7, 1
29, 7, 1
30, 7, 1
31, 7, 1
32, 7, 1
33, 7, 1
34, 7, 1
35, 7, 1
36, 7, 1
37, 7, 1
38, 7, 1
39, 7, 1
40, 7, 1
41, 7, 1
42, 7, 1
43, 7, 1
44, 7, 1
45, 7, 1
46, 7, 1
47, 7, 1
48, 7, 1
52, 7, 1
53, 7, 1
54, 7, 1
55, 7, 1
56, 7, 1
57, 7, 1
58, 7, 1
59, 7, 1
60, 7, 1
61, 7, 1
62, 7, 1
63, 7, 1
64, 7, 1
65, 7, 1
66, 7, 1
67, 7, 1
68, 7, 1
69, 7, 1
70, 7, 1
0, 7, 2
1, 7, 2
71, 7, 2
72, 7, 2
73, 7, 2
0, 7, 3
57, 7, 3
58, 7, 3
59, 7, 3
60, 7, 3
74, 7, 3
0, 7, 4
56, 7, 4
61, 7, 4
74, 7, 4
0, 7, 5
57, 7, 5
58, 7, 5
59, 7, 5
60, 7, 5
74, 7, 5
0, 7, 6
70, 7, 6
71, 7, 6
73, 7, 6
0, 7, 7
69, 7, 7
70, 7, 7
71, 7, 7
73, 7, 7
0, 7, 8
69, 7, 8
71, 7, 8
74, 7, 8
0, 7, 9
69, 7, 9
72, 7, 9
74, 7, 9
0, 7, 10
69, 7, 10
72, 7, 10
73, 7, 10
0, 7, 11
69, 7, 11
72, 7, 11
73, 7, 11
0, 7, 12
69, 7, 12
72, 7, 12
73, 7, 12
0, 7, 13
69, 7, 13
72, 7, 13
73, 7, 13
0, 7, 14
69, 7, 14
72, 7, 14
73, 7, 14
0, 7, 15
69, 7, 15
72, 7, 15
74, 7, 15
0, 7, 16
69, 7, 16
72, 7, 16
74, 7, 16
0, 7, 17
69, 7, 17
72, 7, 17
73, 7, 17
0, 7, 18
69, 7, 18
72, 7, 18
73, 7, 18
0, 7, 19
69, 7, 19
72, 7, 19
73, 7, 19
0, 7, 20
69, 7, 20
72, 7, 20
73, 7, 20
0, 7, 21
69, 7, 21
72, 7, 21
73, 7, 21
0, 7, 22
69, 7, 22
72, 7, 22
74, 7, 22
0, 7, 23
69, 7, 23
71, 7, 23
74, 7, 23
0, 7, 24
69, 7, 24
70, 7, 24
71, 7, 24
73, 7, 24
0, 7, 25
70, 7, 25
71, 7, 25
73, 7, 25
0, 7, 26
11, 7, 26
12, 7, 26
13, 7, 26
14, 7, 26
57, 7, 26
58, 7, 26
59, 7, 26
60, 7, 26
74, 7, 26
0, 7, 27
10, 7, 27
15, 7, 27
56, 7, 27
61, 7, 27
74, 7, 27
0, 7, 28
11, 7, 28
12, 7, 28
13, 7, 28
14, 7, 28
57, 7, 28
58, 7, 28
59, 7, 28
60, 7, 28
74, 7, 28
0, 7, 29
1, 7, 29
71, 7, 29
72, 7, 29
73, 7, 29
1, 7, 30
2, 7, 30
3, 7, 30
7, 7, 30
8, 7, 30
9, 7, 30
10, 7, 30
11, 7, 30
12, 7, 30
13, 7, 30
14, 7, 30
15, 7, 30
16, 7, 30
17, 7, 30
18, 7, 30
19, 7, 30
27, 7, 30
28, 7, 30
29, 7, 30
30, 7, 30
31, 7, 30
32, 7, 30
33, 7, 30
34, 7, 30
35, 7, 30
36, 7, 30
37, 7, 30
38, 7, 30
39, 7, 30
40, 7, 30
41, 7, 30
42, 7, 30
43, 7, 30
44, 7, 30
45, 7, 30
46, 7, 30
47, 7, 30
48, 7, 30
52, 7, 30
53, 7, 30
54, 7, 30
55, 7, 30
56, 7, 30
57, 7, 30
58, 7, 30
59, 7, 30
60, 7, 30
61, 7, 30
62, 7, 30
63, 7, 30
64, 7, 30
65, 7, 30
66, 7, 30
67, 7, 30
68, 7, 30
69, 7, 30
70, 7, 30
4, 7, 31
5, 7, 31
6, 7, 31
20, 7, 31
21, 7, 31
22, 7, 31
23, 7, 31
24, 7, 31
25, 7, 31
26, 7, 31
49, 7, 31
50, 7, 31
51, 7, 31
19, 8, 0
20, 8, 0
21, 8, 0
22, 8, 0
23, 8, 0
24, 8, 0
25, 8, 0
26, 8, 0
33, 8, 0
34, 8, 0
35, 8, 0
36, 8, 0
37, 8, 0
38, 8, 0
39, 8, 0
40, 8, 0
41, 8, 0
49, 8, 0
50, 8, 0
51, 8, 0
3, 8, 1
4, 8, 1
5, 8, 1
6, 8, 1
7, 8, 1
8, 8, 1
9, 8, 1
10, 8, 1
11, 8, 1
12, 8, 1
13, 8, 1
14, 8, 1
15, 8, 1
16, 8, 1
17, 8, 1
18, 8, 1
27, 8, 1
28, 8, 1
29, 8, 1
30, 8, 1
31, 8, 1
32, 8, 1
42, 8, 1
43, 8, 1
44, 8, 1
45, 8, 1
46, 8, 1
47, 8, 1
48, 8, 1
52, 8, 1
53, 8, 1
54, 8, 1
55, 8, 1
56, 8, 1
57, 8, 1
58, 8, 1
59, 8, 1
60, 8, 1
61, 8, 1
62, 8, 1
63, 8, 1
64, 8, 1
65, 8, 1
66, 8, 1
67, 8, 1
68, 8, 1
69, 8, 1
2, 8, 2
70, 8, 2
71, 8, 2
72, 8, 2
73, 8, 2
1, 8, 3
57, 8, 3
58, 8, 3
59, 8, 3
73, 8, 3
74, 8, 3
0, 8, 4
56, 8, 4
60, 8, 4
74, 8, 4
1, 8, 5
57, 8, 5
58, 8, 5
59, 8, 5
74, 8, 5
0, 8, 6
73, 8, 6
0, 8, 7
73, 8, 7
1, 8, 8
70, 8, 8
74, 8, 8
1, 8, 9
70, 8, 9
71, 8, 9
74, 8, 9
1, 8, 10
70, 8, 10
71, 8, 10
73, 8, 10
1, 8, 11
70, 8, 11
71, 8, 11
73, 8, 11
0, 8, 12
70, 8, 12
71, 8, 12
73, 8, 12
0, 8, 13
70, 8, 13
71, 8, 13
73, 8, 13
0, 8, 14
70, 8, 14
71, 8, 14
73, 8, 14
0, 8, 15
70, 8, 15
71, 8, 15
73, 8, 15
0, 8, 16
70, 8, 16
71, 8, 16
73, 8, 16
0, 8, 17
70, 8, 17
71, 8, 17
73, 8, 17
0, 8, 18
70, 8, 18
71, 8, 18
73, 8, 18
0, 8, 19
70, 8, 19
71, 8, 19
73, 8, 19
1, 8, 20
70, 8, 20
71, 8, 20
73, 8, 20
1, 8, 21
70, 8, 21
71, 8, 21
73, 8, 21
1, 8, 22
70, 8, 22
71, 8, 22
74, 8, 22
1, 8, 23
70, 8, 23
74, 8, 23
0, 8, 24
73, 8, 24
0, 8, 25
73, 8, 25
1, 8, 26
12, 8, 26
13, 8, 26
14, 8, 26
57, 8, 26
58, 8, 26
59, 8, 26
74, 8, 26
0, 8, 27
11, 8, 27
15, 8, 27
56, 8, 27
60, 8, 27
74, 8, 27
1, 8, 28
12, 8, 28
13, 8, 28
14, 8, 28
57, 8, 28
58, 8, 28
59, 8, 28
73, 8, 28
74, 8, 28
2, 8, 29
71, 8, 29
72, 8, 29
73, 8, 29
3, 8, 30
4, 8, 30
5, 8, 30
6, 8, 30
7, 8, 30
8, 8, 30
9, 8, 30
10, 8, 30
11, 8, 30
12, 8, 30
13, 8, 30
14, 8, 30
15, 8, 30
16, 8, 30
17, 8, 30
18, 8, 30
27, 8, 30
28, 8, 30
29, 8, 30
30, 8, 30
44, 8, 30
45, 8, 30
46, 8, 30
47, 8, 30
48, 8, 30
52, 8, 30
53, 8, 30
54, 8, 30
55, 8, 30
56, 8, 30
57, 8, 30
58, 8, 30
59, 8, 30
60, 8, 30
61, 8, 30
62, 8, 30
63, 8, 30
64, 8, 30
65, 8, 30
66, 8, 30
67, 8, 30
68, 8, 30
69, 8, 30
70, 8, 30
19, 8, 31
20, 8, 31
21, 8, 31
22, 8, 31
23, 8, 31
24, 8, 31
25, 8, 31
26, 8, 31
31, 8, 31
32, 8, 31
33, 8, 31
34, 8, 31
35, 8, 31
36, 8, 31
37, 8, 31
38, 8, 31
39, 8, 31
40, 8, 31
41, 8, 31
42, 8, 31
43, 8, 31
49, 8, 31
50, 8, 31
51, 8, 31
7, 9, 0
8, 9, 0
19, 9, 0
20, 9, 0
21, 9, 0
22, 9, 0
23, 9, 0
24, 9, 0
25, 9, 0
26, 9, 0
30, 9, 0
31, 9, 0
32, 9, 0
33, 9, 0
34, 9, 0
35, 9, 0
36, 9, 0
37, 9, 0
38, 9, 0
39, 9, 0
40, 9, 0
41, 9, 0
42, 9, 0
43, 9, 0
44, 9, 0
45, 9, 0
49, 9, 0
50, 9, 0
51, 9, 0
52, 9, 0
62, 9, 0
63, 9, 0
3, 9, 1
4, 9, 1
5, 9, 1
6, 9, 1
9, 9, 1
10, 9, 1
11, 9, 1
12, 9, 1
13, 9, 1
14, 9, 1
15, 9, 1
16, 9, 1
17, 9, 1
18, 9, 1
27, 9, 1
28, 9, 1
29, 9, 1
46, 9, 1
47, 9, 1
48, 9, 1
53, 9, 1
54, 9, 1
55, 9, 1
56, 9, 1
57, 9, 1
58, 9, 1
59, 9, 1
60, 9, 1
61, 9, 1
64, 9, 1
65, 9, 1
66, 9, 1
67, 9, 1
1, 9, 2
2, 9, 2
68, 9, 2
69, 9, 2
70, 9, 2
1, 9, 3
57, 9, 3
58, 9, 3
71, 9, 3
72, 9, 3
0, 9, 4
56, 9, 4
59, 9, 4
73, 9, 4
1, 9, 5
57, 9, 5
58, 9, 5
73, 9, 5
0, 9, 6
72, 9, 6
0, 9, 7
72, 9, 7
1, 9, 8
73, 9, 8
74, 9, 8
1, 9, 9
73, 9, 9
74, 9, 9
1, 9, 10
72, 9, 10
0, 9, 11
1, 9, 11
72, 9, 11
0, 9, 12
1, 9, 12
72, 9, 12
0, 9, 13
73, 9, 13
0, 9, 14
73, 9, 14
0, 9, 15
73, 9, 15
0, 9, 16
73, 9, 16
0, 9, 17
73, 9, 17
0, 9, 18
73, 9, 18
0, 9, 19
1, 9, 19
72, 9, 19
0, 9, 20
1, 9, 20
72, 9, 20
1, 9, 21
72, 9, 21
1, 9, 22
73, 9, 22
74, 9, 22
1, 9, 23
73, 9, 23
74, 9, 23
0, 9, 24
72, 9, 24
0, 9, 25
72, 9, 25
1, 9, 26
13, 9, 26
14, 9, 26
57, 9, 26
58, 9, 26
73, 9, 26
0, 9, 27
12, 9, 27
15, 9, 27
56, 9, 27
59, 9, 27
73, 9, 27
1, 9, 28
13, 9, 28
14, 9, 28
57, 9, 28
58, 9, 28
71, 9, 28
72, 9, 28
1, 9, 29
2, 9, 29
68, 9, 29
69, 9, 29
70, 9, 29
3, 9, 30
4, 9, 30
5, 9, 30
6, 9, 30
9, 9, 30
10, 9, 30
11, 9, 30
12, 9, 30
13, 9, 30
14, 9, 30
15, 9, 30
16, 9, 30
17, 9, 30
18, 9, 30
27, 9, 30
48, 9, 30
53, 9, 30
54, 9, 30
55, 9, 30
56, 9, 30
57, 9, 30
58, 9, 30
59, 9, 30
60, 9, 30
61, 9, 30
64, 9, 30
65, 9, 30
66, 9, 30
67, 9, 30
7, 9, 31
8, 9, 31
19, 9, 31
20, 9, 31
21, 9, 31
22, 9, 31
23, 9, 31
24, 9, 31
25, 9, 31
26, 9, 31
28, 9, 31
29, 9, 31
30, 9, 31
31, 9, 31
32, 9, 31
33, 9, 31
34, 9, 31
35, 9, 31
36, 9, 31
37, 9, 31
38, 9, 31
39, 9, 31
40, 9, 31
41, 9, 31
42, 9, 31
43, 9, 31
44, 9, 31
45, 9, 31
46, 9, 31
47, 9, 31
49, 9, 31
50, 9, 31
51, 9, 31
52, 9, 31
62, 9, 31
63, 9, 31
6, 10, 0
7, 10, 0
8, 10, 0
9, 10, 0
18, 10, 0
19, 10, 0
20, 10, 0
21, 10, 0
22, 10, 0
23, 10, 0
24, 10, 0
25, 10, 0
26, 10, 0
29, 10, 0
30, 10, 0
31, 10, 0
32, 10, 0
33, 10, 0
34, 10, 0
35, 10, 0
36, 10, 0
37, 10, 0
38, 10, 0
39, 10, 0
40, 10, 0
41, 10, 0
42, 10, 0
43, 10, 0
44, 10, 0
45, 10, 0
46, 10, 0
49, 10, 0
50, 10, 0
51, 10, 0
52, 10, 0
53, 10, 0
61, 10, 0
62, 10, 0
63, 10, 0
3, 10, 1
4, 10, 1
5, 10, 1
10, 10, 1
11, 10, 1
12, 10, 1
13, 10, 1
14, 10, 1
15, 10, 1
16, 10, 1
17, 10, 1
27, 10, 1
28, 10, 1
47, 10, 1
48, 10, 1
54, 10, 1
55, 10, 1
56, 10, 1
57, 10, 1
58, 10, 1
59, 10, 1
60, 10, 1
64, 10, 1
65, 10, 1
66, 10, 1
67, 10, 1
1, 10, 2
2, 10, 2
68, 10, 2
69, 10, 2
70, 10, 2
1, 10, 3
71, 10, 3
72, 10, 3
0, 10, 4
57, 10, 4
58, 10, 4
73, 10, 4
0, 10, 5
73, 10, 5
1, 10, 6
72, 10, 6
1, 10, 7
72, 10, 7
2, 10, 8
73, 10, 8
74, 10, 8
2, 10, 9
73, 10, 9
74, 10, 9
2, 10, 10
72, 10, 10
2, 10, 11
72, 10, 11
2, 10, 12
72, 10, 12
1, 10, 13
72, 10, 13
0, 10, 14
72, 10, 14
0, 10, 15
72, 10, 15
0, 10, 16
72, 10, 16
0, 10, 17
72, 10, 17
1, 10, 18
72, 10, 18
2, 10, 19
72, 10, 19
2, 10, 20
72, 10, 20
2, 10, 21
72, 10, 21
2, 10, 22
73, 10, 22
74, 10, 22
2, 10, 23
73, 10, 23
74, 10, 23
1, 10, 24
72, 10, 24
1, 10, 25
72, 10, 25
0, 10, 26
73, 10, 26
0, 10, 27
13, 10, 27
14, 10, 27
57, 10, 27
58, 10, 27
73, 10, 27
1, 10, 28
71, 10, 28
72, 10, 28
1, 10, 29
2, 10, 29
68, 10, 29
69, 10, 29
70, 10, 29
3, 10, 30
4, 10, 30
5, 10, 30
10, 10, 30
11, 10, 30
12, 10, 30
13, 10, 30
14, 10, 30
15, 10, 30
16, 10, 30
17, 10, 30
48, 10, 30
54, 10, 30
55, 10, 30
56, 10, 30
57, 10, 30
58, 10, 30
59, 10, 30
60, 10, 30
64, 10, 30
65, 10, 30
66, 10, 30
67, 10, 30
6, 10, 31
7, 10, 31
8, 10, 31
9, 10, 31
18, 10, 31
19, 10, 31
20, 10, 31
21, 10, 31
22, 10, 31
23, 10, 31
24, 10, 31
25, 10, 31
26, 10, 31
27, 10, 31
28, 10, 31
29, 10, 31
30, 10, 31
31, 10, 31
32, 10, 31
33, 10, 31
34, 10, 31
35, 10, 31
36, 10, 31
37, 10, 31
38, 10, 31
39, 10, 31
40, 10, 31
41, 10, 31
42, 10, 31
43, 10, 31
44, 10, 31
45, 10, 31
46, 10, 31
47, 10, 31
49, 10, 31
50, 10, 31
51, 10, 31
52, 10, 31
53, 10, 31
61, 10, 31
62, 10, 31
63, 10, 31
6, 11, 0
7, 11, 0
8, 11, 0
9, 11, 0
10, 11, 0
11, 11, 0
12, 11, 0
13, 11, 0
14, 11, 0
15, 11, 0
16, 11, 0
17, 11, 0
18, 11, 0
19, 11, 0
20, 11, 0
21, 11, 0
22, 11, 0
23, 11, 0
24, 11, 0
25, 11, 0
31, 11, 0
32, 11, 0
33, 11, 0
34, 11, 0
35, 11, 0
36, 11, 0
37, 11, 0
38, 11, 0
39, 11, 0
40, 11, 0
41, 11, 0
42, 11, 0
43, 11, 0
44, 11, 0
49, 11, 0
50, 11, 0
51, 11, 0
52, 11, 0
53, 11, 0
54, 11, 0
55, 11, 0
60, 11, 0
61, 11, 0
62, 11, 0
63, 11, 0
64, 11, 0
3, 11, 1
4, 11, 1
5, 11, 1
26, 11, 1
27, 11, 1
28, 11, 1
29, 11, 1
30, 11, 1
45, 11, 1
46, 11, 1
47, 11, 1
48, 11, 1
56, 11, 1
57, 11, 1
58, 11, 1
59, 11, 1
65, 11, 1
66, 11, 1
67, 11, 1
68, 11, 1
1, 11, 2
2, 11, 2
69, 11, 2
70, 11, 2
0, 11, 3
71, 11, 3
72, 11, 3
0, 11, 4
73, 11, 4
0, 11, 5
72, 11, 5
1, 11, 6
71, 11, 6
1, 11, 7
72, 11, 7
1, 11, 8
72, 11, 8
1, 11, 9
72, 11, 9
0, 11, 10
1, 11, 10
72, 11, 10
0, 11, 11
1, 11, 11
72, 11, 11
0, 11, 12
1, 11, 12
72, 11, 12
0, 11, 13
72, 11, 13
0, 11, 14
72, 11, 14
0, 11, 15
72, 11, 15
0, 11, 16
72, 11, 16
0, 11, 17
72, 11, 17
0, 11, 18
72, 11, 18
0, 11, 19
1, 11, 19
72, 11, 19
0, 11, 20
1, 11, 20
72, 11, 20
0, 11, 21
1, 11, 21
72, 11, 21
1, 11, 22
72, 11, 22
1, 11, 23
72, 11, 23
1, 11, 24
72, 11, 24
1, 11, 25
71, 11, 25
0, 11, 26
72, 11, 26
0, 11, 27
73, 11, 27
0, 11, 28
71, 11, 28
72, 11, 28
1, 11, 29
2, 11, 29
69, 11, 29
70, 11, 29
3, 11, 30
4, 11, 30
5, 11, 30
27, 11, 30
28, 11, 30
47, 11, 30
48, 11, 30
56, 11, 30
57, 11, 30
58, 11, 30
59, 11, 30
65, 11, 30
66, 11, 30
67, 11, 30
68, 11, 30
6, 11, 31
7, 11, 31
8, 11, 31
9, 11, 31
10, 11, 31
11, 11, 31
12, 11, 31
13, 11, 31
14, 11, 31
15, 11, 31
16, 11, 31
17, 11, 31
18, 11, 31
19, 11, 31
20, 11, 31
21, 11, 31
22, 11, 31
23, 11, 31
24, 11, 31
25, 11, 31
26, 11, 31
29, 11, 31
30, 11, 31
31, 11, 31
32, 11, 31
33, 11, 31
34, 11, 31
35, 11, 31
36, 11, 31
37, 11, 31
38, 11, 31
39, 11, 31
40, 11, 31
41, 11, 31
42, 11, 31
43, 11, 31
44, 11, 31
45, 11, 31
46, 11, 31
49, 11, 31
50, 11, 31
51, 11, 31
52, 11, 31
53, 11, 31
54, 11, 31
55, 11, 31
60, 11, 31
61, 11, 31
62, 11, 31
63, 11, 31
64, 11, 31
7, 12, 0
8, 12, 0
9, 12, 0
10, 12, 0
11, 12, 0
12, 12, 0
13, 12, 0
14, 12, 0
15, 12, 0
16, 12, 0
17, 12, 0
18, 12, 0
19, 12, 0
20, 12, 0
21, 12, 0
22, 12, 0
23, 12, 0
24, 12, 0
50, 12, 0
51, 12, 0
52, 12, 0
53, 12, 0
54, 12, 0
55, 12, 0
56, 12, 0
57, 12, 0
58, 12, 0
59, 12, 0
60, 12, 0
61, 12, 0
62, 12, 0
63, 12, 0
64, 12, 0
3, 12, 1
4, 12, 1
5, 12, 1
6, 12, 1
25, 12, 1
26, 12, 1
27, 12, 1
28, 12, 1
29, 12, 1
30, 12, 1
31, 12, 1
32, 12, 1
33, 12, 1
34, 12, 1
35, 12, 1
36, 12, 1
37, 12, 1
38, 12, 1
39, 12, 1
40, 12, 1
41, 12, 1
42, 12, 1
43, 12, 1
44, 12, 1
45, 12, 1
46, 12, 1
47, 12, 1
48, 12, 1
49, 12, 1
65, 12, 1
66, 12, 1
67, 12, 1
1, 12, 2
2, 12, 2
68, 12, 2
69, 12, 2
70, 12, 2
0, 12, 3
71, 12, 3
0, 12, 4
72, 12, 4
0, 12, 5
72, 12, 5
1, 12, 6
71, 12, 6
2, 12, 7
71, 12, 7
1, 12, 8
2, 12, 8
71, 12, 8
1, 12, 9
71, 12, 9
1, 12, 10
72, 12, 10
0, 12, 11
1, 12, 11
72, 12, 11
0, 12, 12
72, 12, 12
0, 12, 13
72, 12, 13
0, 12, 14
72, 12, 14
0, 12, 15
72, 12, 15
0, 12, 16
72, 12, 16
0, 12, 17
72, 12, 17
0, 12, 18
72, 12, 18
0, 12, 19
72, 12, 19
0, 12, 20
1, 12, 20
72, 12, 20
1, 12, 21
72, 12, 21
1, 12, 22
71, 12, 22
1, 12, 23
2, 12, 23
71, 12, 23
2, 12, 24
71, 12, 24
1, 12, 25
71, 12, 25
0, 12, 26
72, 12, 26
0, 12, 27
72, 12, 27
0, 12, 28
71, 12, 28
1, 12, 29
2, 12, 29
68, 12, 29
69, 12, 29
70, 12, 29
3, 12, 30
4, 12, 30
5, 12, 30
6, 12, 30
25, 12, 30
26, 12, 30
27, 12, 30
28, 12, 30
29, 12, 30
30, 12, 30
31, 12, 30
32, 12, 30
33, 12, 30
34, 12, 30
35, 12, 30
36, 12, 30
37, 12, 30
38, 12, 30
39, 12, 30
40, 12, 30
41, 12, 30
42, 12, 30
43, 12, 30
44, 12, 30
45, 12, 30
46, 12, 30
47, 12, 30
48, 12, 30
49, 12, 30
65, 12, 30
66, 12, 30
67, 12, 30
7, 12, 31
8, 12, 31
9, 12, 31
10, 12, 31
11, 12, 31
12, 12, 31
13, 12, 31
14, 12, 31
15, 12, 31
16, 12, 31
17, 12, 31
18, 12, 31
19, 12, 31
20, 12, 31
21, 12, 31
22, 12, 31
23, 12, 31
24, 12, 31
50, 12, 31
51, 12, 31
52, 12, 31
53, 12, 31
54, 12, 31
55, 12, 31
56, 12, 31
57, 12, 31
58, 12, 31
59, 12, 31
60, 12, 31
61, 12, 31
62, 12, 31
63, 12, 31
64, 12, 31
11, 13, 0
12, 13, 0
13, 13, 0
14, 13, 0
15, 13, 0
16, 13, 0
17, 13, 0
18, 13, 0
19, 13, 0
51, 13, 0
52, 13, 0
53, 13, 0
54, 13, 0
55, 13, 0
56, 13, 0
57, 13, 0
58, 13, 0
59, 13, 0
60, 13, 0
5, 13, 1
6, 13, 1
7, 13, 1
8, 13, 1
9, 13, 1
10, 13, 1
20, 13, 1
21, 13, 1
22, 13, 1
23, 13, 1
24, 13, 1
25, 13, 1
26, 13, 1
27, 13, 1
28, 13, 1
29, 13, 1
30, 13, 1
31, 13, 1
32, 13, 1
33, 13, 1
34, 13, 1
35, 13, 1
36, 13, 1
37, 13, 1
38, 13, 1
39, 13, 1
40, 13, 1
41, 13, 1
42, 13, 1
43, 13, 1
44, 13, 1
45, 13, 1
46, 13, 1
47, 13, 1
48, 13, 1
49, 13, 1
50, 13, 1
61, 13, 1
62, 13, 1
63, 13, 1
64, 13, 1
65, 13, 1
66, 13, 1
1, 13, 2
2, 13, 2
3, 13, 2
4, 13, 2
67, 13, 2
68, 13, 2
69, 13, 2
1, 13, 3
69, 13, 3
70, 13, 3
71, 13, 3
0, 13, 4
70, 13, 4
71, 13, 4
0, 13, 5
69, 13, 5
70, 13, 5
71, 13, 5
1, 13, 6
2, 13, 6
69, 13, 6
70, 13, 6
3, 13, 7
4, 13, 7
70, 13, 7
3, 13, 8
4, 13, 8
70, 13, 8
71, 13, 8
2, 13, 9
3, 13, 9
70, 13, 9
71, 13, 9
2, 13, 10
3, 13, 10
70, 13, 10
71, 13, 10
2, 13, 11
3, 13, 11
70, 13, 11
71, 13, 11
1, 13, 12
2, 13, 12
70, 13, 12
71, 13, 12
1, 13, 13
2, 13, 13
70, 13, 13
71, 13, 13
1, 13, 14
2, 13, 14
70, 13, 14
71, 13, 14
1, 13, 15
2, 13, 15
71, 13, 15
1, 13, 16
2, 13, 16
71, 13, 16
1, 13, 17
2, 13, 17
70, 13, 17
71, 13, 17
1, 13, 18
2, 13, 18
70, 13, 18
71, 13, 18
1, 13, 19
2, 13, 19
70, 13, 19
71, 13, 19
2, 13, 20
3, 13, 20
70, 13, 20
71, 13, 20
2, 13, 21
3, 13, 21
70, 13, 21
71, 13, 21
2, 13, 22
3, 13, 22
70, 13, 22
71, 13, 22
3, 13, 23
4, 13, 23
70, 13, 23
71, 13, 23
3, 13, 24
4, 13, 24
70, 13, 24
1, 13, 25
2, 13, 25
69, 13, 25
70, 13, 25
1, 13, 26
69, 13, 26
70, 13, 26
71, 13, 26
0, 13, 27
70, 13, 27
71, 13, 27
1, 13, 28
69, 13, 28
70, 13, 28
71, 13, 28
1, 13, 29
2, 13, 29
3, 13, 29
4, 13, 29
67, 13, 29
68, 13, 29
69, 13, 29
5, 13, 30
6, 13, 30
7, 13, 30
8, 13, 30
9, 13, 30
21, 13, 30
22, 13, 30
23, 13, 30
24, 13, 30
25, 13, 30
26, 13, 30
27, 13, 30
28, 13, 30
29, 13, 30
30, 13, 30
31, 13, 30
32, 13, 30
33, 13, 30
34, 13, 30
35, 13, 30
36, 13, 30
37, 13, 30
38, 13, 30
39, 13, 30
40, 13, 30
41, 13, 30
42, 13, 30
43, 13, 30
44, 13, 30
45, 13, 30
46, 13, 30
47, 13, 30
48, 13, 30
49, 13, 30
50, 13, 30
62, 13, 30
63, 13, 30
64, 13, 30
65, 13, 30
66, 13, 30
10, 13, 31
11, 13, 31
12, 13, 31
13, 13, 31
14, 13, 31
15, 13, 31
16, 13, 31
17, 13, 31
18, 13, 31
19, 13, 31
20, 13, 31
51, 13, 31
52, 13, 31
53, 13, 31
54, 13, 31
55, 13, 31
56, 13, 31
57, 13, 31
58, 13, 31
59, 13, 31
60, 13, 31
61, 13, 31
7, 14, 1
8, 14, 1
9, 14, 1
10, 14, 1
11, 14, 1
12, 14, 1
13, 14, 1
14, 14, 1
15, 14, 1
16, 14, 1
17, 14, 1
18, 14, 1
19, 14, 1
20, 14, 1
21, 14, 1
22, 14, 1
23, 14, 1
24, 14, 1
25, 14, 1
26, 14, 1
27, 14, 1
28, 14, 1
29, 14, 1
30, 14, 1
31, 14, 1
32, 14, 1
33, 14, 1
34, 14, 1
35, 14, 1
36, 14, 1
37, 14, 1
38, 14, 1
39, 14, 1
40, 14, 1
41, 14, 1
42, 14, 1
43, 14, 1
44, 14, 1
45, 14, 1
46, 14, 1
47, 14, 1
48, 14, 1
49, 14, 1
50, 14, 1
51, 14, 1
52, 14, 1
53, 14, 1
54, 14, 1
55, 14, 1
56, 14, 1
57, 14, 1
58, 14, 1
59, 14, 1
60, 14, 1
61, 14, 1
62, 14, 1
4, 14, 2
5, 14, 2
6, 14, 2
7, 14, 2
33, 14, 2
34, 14, 2
35, 14, 2
36, 14, 2
37, 14, 2
38, 14, 2
39, 14, 2
40, 14, 2
41, 14, 2
42, 14, 2
43, 14, 2
44, 14, 2
45, 14, 2
46, 14, 2
63, 14, 2
64, 14, 2
65, 14, 2
66, 14, 2
2, 14, 3
3, 14, 3
4, 14, 3
5, 14, 3
65, 14, 3
66, 14, 3
67, 14, 3
68, 14, 3
1, 14, 4
2, 14, 4
3, 14, 4
4, 14, 4
5, 14, 4
66, 14, 4
67, 14, 4
68, 14, 4
69, 14, 4
1, 14, 5
2, 14, 5
3, 14, 5
4, 14, 5
5, 14, 5
66, 14, 5
67, 14, 5
68, 14, 5
3, 14, 6
4, 14, 6
5, 14, 6
6, 14, 6
7, 14, 6
8, 14, 6
9, 14, 6
67, 14, 6
68, 14, 6
5, 14, 7
6, 14, 7
7, 14, 7
8, 14, 7
67, 14, 7
68, 14, 7
69, 14, 7
5, 14, 8
6, 14, 8
7, 14, 8
67, 14, 8
68, 14, 8
69, 14, 8
4, 14, 9
5, 14, 9
6, 14, 9
7, 14, 9
68, 14, 9
69, 14, 9
4, 14, 10
5, 14, 10
6, 14, 10
68, 14, 10
69, 14, 10
4, 14, 11
5, 14, 11
6, 14, 11
68, 14, 11
69, 14, 11
3, 14, 12
4, 14, 12
5, 14, 12
68, 14, 12
69, 14, 12
3, 14, 13
4, 14, 13
5, 14, 13
68, 14, 13
69, 14, 13
3, 14, 14
4, 14, 14
68, 14, 14
69, 14, 14
3, 14, 15
4, 14, 15
68, 14, 15
69, 14, 15
70, 14, 15
3, 14, 16
4, 14, 16
68, 14, 16
69, 14, 16
70, 14, 16
3, 14, 17
4, 14, 17
68, 14, 17
69, 14, 17
3, 14, 18
4, 14, 18
5, 14, 18
68, 14, 18
69, 14, 18
3, 14, 19
4, 14, 19
5, 14, 19
68, 14, 19
69, 14, 19
4, 14, 20
5, 14, 20
6, 14, 20
68, 14, 20
69, 14, 20
4, 14, 21
5, 14, 21
6, 14, 21
68, 14, 21
69, 14, 21
4, 14, 22
5, 14, 22
6, 14, 22
7, 14, 22
68, 14, 22
69, 14, 22
5, 14, 23
6, 14, 23
7, 14, 23
67, 14, 23
68, 14, 23
69, 14, 23
5, 14, 24
6, 14, 24
7, 14, 24
8, 14, 24
67, 14, 24
68, 14, 24
69, 14, 24
3, 14, 25
4, 14, 25
5, 14, 25
6, 14, 25
7, 14, 25
8, 14, 25
9, 14, 25
67, 14, 25
68, 14, 25
1, 14, 26
2, 14, 26
3, 14, 26
4, 14, 26
5, 14, 26
66, 14, 26
67, 14, 26
68, 14, 26
1, 14, 27
2, 14, 27
3, 14, 27
4, 14, 27
5, 14, 27
66, 14, 27
67, 14, 27
68, 14, 27
69, 14, 27
2, 14, 28
3, 14, 28
4, 14, 28
5, 14, 28
65, 14, 28
66, 14, 28
67, 14, 28
68, 14, 28
4, 14, 29
5, 14, 29
6, 14, 29
7, 14, 29
33, 14, 29
34, 14, 29
35, 14, 29
36, 14, 29
37, 14, 29
38, 14, 29
39, 14, 29
40, 14, 29
41, 14, 29
42, 14, 29
43, 14, 29
44, 14, 29
45, 14, 29
63, 14, 29
64, 14, 29
65, 14, 29
66, 14, 29
7, 14, 30
8, 14, 30
9, 14, 30
10, 14, 30
11, 14, 30
12, 14, 30
13, 14, 30
14, 14, 30
15, 14, 30
16, 14, 30
17, 14, 30
18, 14, 30
19, 14, 30
20, 14, 30
21, 14, 30
22, 14, 30
23, 14, 30
24, 14, 30
25, 14, 30
26, 14, 30
27, 14, 30
28, 14, 30
29, 14, 30
30, 14, 30
31, 14, 30
32, 14, 30
33, 14, 30
34, 14, 30
35, 14, 30
36, 14, 30
37, 14, 30
38, 14, 30
39, 14, 30
40, 14, 30
41, 14, 30
42, 14, 30
43, 14, 30
44, 14, 30
45, 14, 30
46, 14, 30
47, 14, 30
48, 14, 30
49, 14, 30
50, 14, 30
51, 14, 30
52, 14, 30
53, 14, 30
54, 14, 30
55, 14, 30
56, 14, 30
57, 14, 30
58, 14, 30
59, 14, 30
60, 14, 30
61, 14, 30
62, 14, 30
63, 14, 30
32, 15, 0
31, 15, 1
32, 15, 1
53, 15, 1
54, 15, 1
55, 15, 1
56, 15, 1
57, 15, 1
8, 15, 2
9, 15, 2
10, 15, 2
11, 15, 2
12, 15, 2
13, 15, 2
14, 15, 2
15, 15, 2
16, 15, 2
17, 15, 2
18, 15, 2
19, 15, 2
20, 15, 2
21, 15, 2
22, 15, 2
23, 15, 2
24, 15, 2
25, 15, 2
26, 15, 2
27, 15, 2
28, 15, 2
29, 15, 2
30, 15, 2
31, 15, 2
32, 15, 2
47, 15, 2
48, 15, 2
49, 15, 2
50, 15, 2
51, 15, 2
52, 15, 2
53, 15, 2
54, 15, 2
55, 15, 2
56, 15, 2
57, 15, 2
58, 15, 2
59, 15, 2
60, 15, 2
61, 15, 2
62, 15, 2
6, 15, 3
7, 15, 3
8, 15, 3
9, 15, 3
10, 15, 3
11, 15, 3
12, 15, 3
13, 15, 3
14, 15, 3
15, 15, 3
16, 15, 3
17, 15, 3
18, 15, 3
19, 15, 3
20, 15, 3
21, 15, 3
22, 15, 3
23, 15, 3
24, 15, 3
25, 15, 3
26, 15, 3
27, 15, 3
28, 15, 3
33, 15, 3
34, 15, 3
35, 15, 3
36, 15, 3
37, 15, 3
38, 15, 3
39, 15, 3
40, 15, 3
41, 15, 3
42, 15, 3
43, 15, 3
44, 15, 3
45, 15, 3
46, 15, 3
53, 15, 3
54, 15, 3
55, 15, 3
56, 15, 3
57, 15, 3
58, 15, 3
59, 15, 3
60, 15, 3
61, 15, 3
62, 15, 3
63, 15, 3
64, 15, 3
6, 15, 4
7, 15, 4
8, 15, 4
9, 15, 4
10, 15, 4
11, 15, 4
12, 15, 4
13, 15, 4
14, 15, 4
15, 15, 4
16, 15, 4
17, 15, 4
18, 15, 4
19, 15, 4
20, 15, 4
21, 15, 4
22, 15, 4
23, 15, 4
24, 15, 4
25, 15, 4
26, 15, 4
27, 15, 4
60, 15, 4
61, 15, 4
62, 15, 4
63, 15, 4
64, 15, 4
65, 15, 4
6, 15, 5
7, 15, 5
8, 15, 5
9, 15, 5
10, 15, 5
11, 15, 5
12, 15, 5
13, 15, 5
14, 15, 5
15, 15, 5
16, 15, 5
17, 15, 5
18, 15, 5
19, 15, 5
20, 15, 5
21, 15, 5
22, 15, 5
23, 15, 5
61, 15, 5
62, 15, 5
63, 15, 5
64, 15, 5
65, 15, 5
10, 15, 6
11, 15, 6
12, 15, 6
13, 15, 6
14, 15, 6
15, 15, 6
16, 15, 6
17, 15, 6
18, 15, 6
19, 15, 6
20, 15, 6
63, 15, 6
64, 15, 6
65, 15, 6
66, 15, 6
9, 15, 7
10, 15, 7
11, 15, 7
12, 15, 7
13, 15, 7
14, 15, 7
15, 15, 7
16, 15, 7
17, 15, 7
63, 15, 7
64, 15, 7
65, 15, 7
66, 15, 7
8, 15, 8
9, 15, 8
10, 15, 8
11, 15, 8
12, 15, 8
13, 15, 8
14, 15, 8
15, 15, 8
16, 15, 8
64, 15, 8
65, 15, 8
66, 15, 8
8, 15, 9
9, 15, 9
10, 15, 9
11, 15, 9
12, 15, 9
13, 15, 9
14, 15, 9
64, 15, 9
65, 15, 9
66, 15, 9
67, 15, 9
7, 15, 10
8, 15, 10
9, 15, 10
10, 15, 10
11, 15, 10
12, 15, 10
13, 15, 10
65, 15, 10
66, 15, 10
67, 15, 10
7, 15, 11
8, 15, 11
9, 15, 11
10, 15, 11
11, 15, 11
12, 15, 11
13, 15, 11
65, 15, 11
66, 15, 11
67, 15, 11
6, 15, 12
7, 15, 12
8, 15, 12
9, 15, 12
10, 15, 12
11, 15, 12
12, 15, 12
65, 15, 12
66, 15, 12
67, 15, 12
6, 15, 13
7, 15, 13
8, 15, 13
9, 15, 13
10, 15, 13
63, 15, 13
64, 15, 13
65, 15, 13
66, 15, 13
67, 15, 13
5, 15, 14
6, 15, 14
7, 15, 14
8, 15, 14
9, 15, 14
63, 15, 14
64, 15, 14
65, 15, 14
66, 15, 14
67, 15, 14
5, 15, 15
6, 15, 15
7, 15, 15
8, 15, 15
9, 15, 15
63, 15, 15
64, 15, 15
65, 15, 15
66, 15, 15
67, 15, 15
5, 15, 16
6, 15, 16
7, 15, 16
8, 15, 16
9, 15, 16
63, 15, 16
64, 15, 16
65, 15, 16
66, 15, 16
67, 15, 16
5, 15, 17
6, 15, 17
7, 15, 17
8, 15, 17
9, 15, 17
63, 15, 17
64, 15, 17
65, 15, 17
66, 15, 17
67, 15, 17
6, 15, 18
7, 15, 18
8, 15, 18
9, 15, 18
10, 15, 18
63, 15, 18
64, 15, 18
65, 15, 18
66, 15, 18
67, 15, 18
6, 15, 19
7, 15, 19
8, 15, 19
9, 15, 19
10, 15, 19
11, 15, 19
12, 15, 19
65, 15, 19
66, 15, 19
67, 15, 19
7, 15, 20
8, 15, 20
9, 15, 20
10, 15, 20
11, 15, 20
12, 15, 20
13, 15, 20
65, 15, 20
66, 15, 20
67, 15, 20
7, 15, 21
8, 15, 21
9, 15, 21
10, 15, 21
11, 15, 21
12, 15, 21
13, 15, 21
65, 15, 21
66, 15, 21
67, 15, 21
8, 15, 22
9, 15, 22
10, 15, 22
11, 15, 22
12, 15, 22
13, 15, 22
14, 15, 22
64, 15, 22
65, 15, 22
66, 15, 22
67, 15, 22
8, 15, 23
9, 15, 23
10, 15, 23
11, 15, 23
12, 15, 23
13, 15, 23
14, 15, 23
15, 15, 23
16, 15, 23
64, 15, 23
65, 15, 23
66, 15, 23
9, 15, 24
10, 15, 24
11, 15, 24
12, 15, 24
13, 15, 24
14, 15, 24
15, 15, 24
16, 15, 24
17, 15, 24
63, 15, 24
64, 15, 24
65, 15, 24
66, 15, 24
10, 15, 25
11, 15, 25
12, 15, 25
13, 15, 25
14, 15, 25
15, 15, 25
16, 15, 25
17, 15, 25
18, 15, 25
19, 15, 25
20, 15, 25
63, 15, 25
64, 15, 25
65, 15, 25
66, 15, 25
6, 15, 26
7, 15, 26
8, 15, 26
9, 15, 26
10, 15, 26
11, 15, 26
12, 15, 26
13, 15, 26
14, 15, 26
15, 15, 26
16, 15, 26
17, 15, 26
18, 15, 26
19, 15, 26
20, 15, 26
21, 15, 26
22, 15, 26
23, 15, 26
61, 15, 26
62, 15, 26
63, 15, 26
64, 15, 26
65, 15, 26
6, 15, 27
7, 15, 27
8, 15, 27
9, 15, 27
10, 15, 27
11, 15, 27
12, 15, 27
13, 15, 27
14, 15, 27
15, 15, 27
16, 15, 27
17, 15, 27
18, 15, 27
19, 15, 27
20, 15, 27
21, 15, 27
22, 15, 27
23, 15, 27
24, 15, 27
25, 15, 27
26, 15, 27
27, 15, 27
60, 15, 27
61, 15, 27
62, 15, 27
63, 15, 27
64, 15, 27
65, 15, 27
6, 15, 28
7, 15, 28
8, 15, 28
9, 15, 28
10, 15, 28
11, 15, 28
12, 15, 28
13, 15, 28
14, 15, 28
15, 15, 28
16, 15, 28
17, 15, 28
18, 15, 28
19, 15, 28
20, 15, 28
21, 15, 28
22, 15, 28
23, 15, 28
24, 15, 28
25, 15, 28
26, 15, 28
27, 15, 28
28, 15, 28
33, 15, 28
34, 15, 28
35, 15, 28
36, 15, 28
37, 15, 28
38, 15, 28
39, 15, 28
40, 15, 28
41, 15, 28
42, 15, 28
43, 15, 28
44, 15, 28
45, 15, 28
53, 15, 28
54, 15, 28
55, 15, 28
56, 15, 28
57, 15, 28
58, 15, 28
59, 15, 28
60, 15, 28
61, 15, 28
62, 15, 28
63, 15, 28
64, 15, 28
8, 15, 29
9, 15, 29
10, 15, 29
11, 15, 29
12, 15, 29
13, 15, 29
14, 15, 29
15, 15, 29
16, 15, 29
17, 15, 29
18, 15, 29
19, 15, 29
20, 15, 29
21, 15, 29
22, 15, 29
23, 15, 29
24, 15, 29
25, 15, 29
26, 15, 29
27, 15, 29
28, 15, 29
29, 15, 29
30, 15, 29
31, 15, 29
32, 15, 29
46, 15, 29
47, 15, 29
48, 15, 29
49, 15, 29
50, 15, 29
51, 15, 29
52, 15, 29
53, 15, 29
54, 15, 29
55, 15, 29
56, 15, 29
57, 15, 29
58, 15, 29
59, 15, 29
60, 15, 29
61, 15, 29
62, 15, 29
31, 15, 30
32, 15, 30
53, 15, 30
54, 15, 30
55, 15, 30
56, 15, 30
57, 15, 30
58, 15, 30
32, 15, 31
32, 16, 0
32, 16, 1
32, 16, 2
29, 16, 3
30, 16, 3
31, 16, 3
32, 16, 3
33, 16, 3
34, 16, 3
35, 16, 3
36, 16, 3
37, 16, 3
38, 16, 3
39, 16, 3
40, 16, 3
41, 16, 3
42, 16, 3
43, 16, 3
44, 16, 3
45, 16, 3
46, 16, 3
47, 16, 3
48, 16, 3
49, 16, 3
50, 16, 3
51, 16, 3
52, 16, 3
28, 16, 4
29, 16, 4
53, 16, 4
54, 16, 4
55, 16, 4
56, 16, 4
57, 16, 4
58, 16, 4
59, 16, 4
24, 16, 5
25, 16, 5
26, 16, 5
27, 16, 5
57, 16, 5
58, 16, 5
59, 16, 5
60, 16, 5
21, 16, 6
22, 16, 6
23, 16, 6
24, 16, 6
25, 16, 6
26, 16, 6
27, 16, 6
58, 16, 6
59, 16, 6
60, 16, 6
61, 16, 6
62, 16, 6
18, 16, 7
19, 16, 7
20, 16, 7
21, 16, 7
22, 16, 7
23, 16, 7
24, 16, 7
25, 16, 7
26, 16, 7
58, 16, 7
59, 16, 7
60, 16, 7
61, 16, 7
62, 16, 7
17, 16, 8
18, 16, 8
19, 16, 8
20, 16, 8
21, 16, 8
22, 16, 8
23, 16, 8
24, 16, 8
25, 16, 8
26, 16, 8
59, 16, 8
60, 16, 8
61, 16, 8
62, 16, 8
63, 16, 8
15, 16, 9
16, 16, 9
17, 16, 9
18, 16, 9
19, 16, 9
20, 16, 9
21, 16, 9
22, 16, 9
23, 16, 9
24, 16, 9
25, 16, 9
59, 16, 9
60, 16, 9
61, 16, 9
62, 16, 9
63, 16, 9
14, 16, 10
15, 16, 10
16, 16, 10
17, 16, 10
18, 16, 10
19, 16, 10
20, 16, 10
21, 16, 10
22, 16, 10
23, 16, 10
24, 16, 10
25, 16, 10
59, 16, 10
60, 16, 10
61, 16, 10
62, 16, 10
63, 16, 10
64, 16, 10
14, 16, 11
15, 16, 11
16, 16, 11
17, 16, 11
18, 16, 11
19, 16, 11
20, 16, 11
21, 16, 11
22, 16, 11
23, 16, 11
24, 16, 11
25, 16, 11
59, 16, 11
60, 16, 11
61, 16, 11
62, 16, 11
63, 16, 11
64, 16, 11
13, 16, 12
14, 16, 12
15, 16, 12
16, 16, 12
17, 16, 12
18, 16, 12
19, 16, 12
20, 16, 12
21, 16, 12
22, 16, 12
23, 16, 12
24, 16, 12
60, 16, 12
61, 16, 12
62, 16, 12
63, 16, 12
64, 16, 12
11, 16, 13
12, 16, 13
13, 16, 13
14, 16, 13
15, 16, 13
16, 16, 13
17, 16, 13
18, 16, 13
19, 16, 13
20, 16, 13
21, 16, 13
22, 16, 13
23, 16, 13
24, 16, 13
60, 16, 13
61, 16, 13
62, 16, 13
10, 16, 14
11, 16, 14
12, 16, 14
13, 16, 14
14, 16, 14
15, 16, 14
16, 16, 14
17, 16, 14
18, 16, 14
19, 16, 14
20, 16, 14
21, 16, 14
22, 16, 14
23, 16, 14
24, 16, 14
60, 16, 14
61, 16, 14
62, 16, 14
10, 16, 15
11, 16, 15
12, 16, 15
13, 16, 15
14, 16, 15
15, 16, 15
16, 16, 15
17, 16, 15
18, 16, 15
19, 16, 15
20, 16, 15
21, 16, 15
22, 16, 15
23, 16, 15
24, 16, 15
60, 16, 15
61, 16, 15
62, 16, 15
10, 16, 16
11, 16, 16
12, 16, 16
13, 16, 16
14, 16, 16
15, 16, 16
16, 16, 16
17, 16, 16
18, 16, 16
19, 16, 16
20, 16, 16
21, 16, 16
22, 16, 16
23, 16, 16
24, 16, 16
60, 16, 16
61, 16, 16
62, 16, 16
10, 16, 17
11, 16, 17
12, 16, 17
13, 16, 17
14, 16, 17
15, 16, 17
16, 16, 17
17, 16, 17
18, 16, 17
19, 16, 17
20, 16, 17
21, 16, 17
22, 16, 17
23, 16, 17
24, 16, 17
60, 16, 17
61, 16, 17
62, 16, 17
11, 16, 18
12, 16, 18
13, 16, 18
14, 16, 18
15, 16, 18
16, 16, 18
17, 16, 18
18, 16, 18
19, 16, 18
20, 16, 18
21, 16, 18
22, 16, 18
23, 16, 18
24, 16, 18
60, 16, 18
61, 16, 18
62, 16, 18
13, 16, 19
14, 16, 19
15, 16, 19
16, 16, 19
17, 16, 19
18, 16, 19
19, 16, 19
20, 16, 19
21, 16, 19
22, 16, 19
23, 16, 19
24, 16, 19
60, 16, 19
61, 16, 19
62, 16, 19
63, 16, 19
64, 16, 19
14, 16, 20
15, 16, 20
16, 16, 20
17, 16, 20
18, 16, 20
19, 16, 20
20, 16, 20
21, 16, 20
22, 16, 20
23, 16, 20
24, 16, 20
25, 16, 20
59, 16, 20
60, 16, 20
61, 16, 20
62, 16, 20
63, 16, 20
64, 16, 20
14, 16, 21
15, 16, 21
16, 16, 21
17, 16, 21
18, 16, 21
19, 16, 21
20, 16, 21
21, 16, 21
22, 16, 21
23, 16, 21
24, 16, 21
25, 16, 21
59, 16, 21
60, 16, 21
61, 16, 21
62, 16, 21
63, 16, 21
64, 16, 21
15, 16, 22
16, 16, 22
17, 16, 22
18, 16, 22
19, 16, 22
20, 16, 22
21, 16, 22
22, 16, 22
23, 16, 22
24, 16, 22
25, 16, 22
59, 16, 22
60, 16, 22
61, 16, 22
62, 16, 22
63, 16, 22
17, 16, 23
18, 16, 23
19, 16, 23
20, 16, 23
21, 16, 23
22, 16, 23
23, 16, 23
24, 16, 23
25, 16, 23
26, 16, 23
59, 16, 23
60, 16, 23
61, 16, 23
62, 16, 23
63, 16, 23
18, 16, 24
19, 16, 24
20, 16, 24
21, 16, 24
22, 16, 24
23, 16, 24
24, 16, 24
25, 16, 24
26, 16, 24
58, 16, 24
59, 16, 24
60, 16, 24
61, 16, 24
62, 16, 24
21, 16, 25
22, 16, 25
23, 16, 25
24, 16, 25
25, 16, 25
26, 16, 25
27, 16, 25
58, 16, 25
59, 16, 25
60, 16, 25
61, 16, 25
62, 16, 25
24, 16, 26
25, 16, 26
26, 16, 26
27, 16, 26
57, 16, 26
58, 16, 26
59, 16, 26
60, 16, 26
28, 16, 27
53, 16, 27
54, 16, 27
55, 16, 27
56, 16, 27
57, 16, 27
58, 16, 27
59, 16, 27
29, 16, 28
30, 16, 28
31, 16, 28
33, 16, 28
34, 16, 28
35, 16, 28
36, 16, 28
37, 16, 28
38, 16, 28
39, 16, 28
40, 16, 28
41, 16, 28
42, 16, 28
43, 16, 28
44, 16, 28
45, 16, 28
46, 16, 28
47, 16, 28
48, 16, 28
49, 16, 28
50, 16, 28
51, 16, 28
52, 16, 28
32, 16, 29
32, 16, 30
32, 16, 31
32, 17, 0
32, 17, 1
32, 17, 2
31, 17, 3
30, 17, 4
32, 17, 4
33, 17, 4
34, 17, 4
35, 17, 4
36, 17, 4
37, 17, 4
38, 17, 4
39, 17, 4
40, 17, 4
41, 17, 4
42, 17, 4
43, 17, 4
44, 17, 4
45, 17, 4
46, 17, 4
47, 17, 4
48, 17, 4
49, 17, 4
50, 17, 4
51, 17, 4
52, 17, 4
53, 17, 4
54, 17, 4
28, 17, 5
29, 17, 5
55, 17, 5
56, 17, 5
28, 17, 6
29, 17, 6
57, 17, 6
27, 17, 7
28, 17, 7
57, 17, 7
27, 17, 8
57, 17, 8
58, 17, 8
26, 17, 9
27, 17, 9
58, 17, 9
26, 17, 10
27, 17, 10
58, 17, 10
26, 17, 11
58, 17, 11
25, 17, 12
26, 17, 12
58, 17, 12
59, 17, 12
25, 17, 13
26, 17, 13
58, 17, 13
59, 17, 13
25, 17, 14
26, 17, 14
58, 17, 14
59, 17, 14
25, 17, 15
26, 17, 15
58, 17, 15
59, 17, 15
25, 17, 16
26, 17, 16
58, 17, 16
59, 17, 16
25, 17, 17
26, 17, 17
58, 17, 17
59, 17, 17
25, 17, 18
26, 17, 18
58, 17, 18
59, 17, 18
25, 17, 19
26, 17, 19
58, 17, 19
59, 17, 19
26, 17, 20
58, 17, 20
26, 17, 21
27, 17, 21
58, 17, 21
26, 17, 22
27, 17, 22
58, 17, 22
27, 17, 23
57, 17, 23
58, 17, 23
27, 17, 24
28, 17, 24
57, 17, 24
28, 17, 25
29, 17, 25
57, 17, 25
28, 17, 26
29, 17, 26
55, 17, 26
56, 17, 26
29, 17, 27
30, 17, 27
33, 17, 27
34, 17, 27
35, 17, 27
37, 17, 27
38, 17, 27
39, 17, 27
40, 17, 27
41, 17, 27
42, 17, 27
43, 17, 27
44, 17, 27
45, 17, 27
46, 17, 27
47, 17, 27
48, 17, 27
49, 17, 27
50, 17, 27
51, 17, 27
52, 17, 27
53, 17, 27
54, 17, 27
31, 17, 28
32, 17, 28
36, 17, 28
32, 17, 29
32, 17, 30
32, 17, 31
31, 18, 4
32, 18, 4
33, 18, 4
34, 18, 4
35, 18, 4
36, 18, 4
37, 18, 4
38, 18, 4
39, 18, 4
40, 18, 4
41, 18, 4
42, 18, 4
43, 18, 4
44, 18, 4
45, 18, 4
46, 18, 4
47, 18, 4
48, 18, 4
49, 18, 4
50, 18, 4
51, 18, 4
52, 18, 4
30, 18, 5
31, 18, 5
53, 18, 5
54, 18, 5
30, 18, 6
31, 18, 6
55, 18, 6
56, 18, 6
29, 18, 7
30, 18, 7
56, 18, 7
28, 18, 8
29, 18, 8
56, 18, 8
28, 18, 9
29, 18, 9
57, 18, 9
28, 18, 10
29, 18, 10
57, 18, 10
27, 18, 11
28, 18, 11
57, 18, 11
27, 18, 12
28, 18, 12
57, 18, 12
27, 18, 13
28, 18, 13
57, 18, 13
27, 18, 14
28, 18, 14
57, 18, 14
27, 18, 15
28, 18, 15
57, 18, 15
27, 18, 16
28, 18, 16
57, 18, 16
27, 18, 17
28, 18, 17
57, 18, 17
27, 18, 18
28, 18, 18
57, 18, 18
27, 18, 19
28, 18, 19
57, 18, 19
27, 18, 20
28, 18, 20
57, 18, 20
28, 18, 21
29, 18, 21
57, 18, 21
28, 18, 22
29, 18, 22
57, 18, 22
28, 18, 23
29, 18, 23
56, 18, 23
29, 18, 24
30, 18, 24
56, 18, 24
30, 18, 25
31, 18, 25
55, 18, 25
56, 18, 25
30, 18, 26
31, 18, 26
53, 18, 26
54, 18, 26
55, 18, 26
31, 18, 27
32, 18, 27
33, 18, 27
34, 18, 27
35, 18, 27
36, 18, 27
37, 18, 27
38, 18, 27
39, 18, 27
40, 18, 27
41, 18, 27
42, 18, 27
43, 18, 27
44, 18, 27
45, 18, 27
46, 18, 27
47, 18, 27
48, 18, 27
49, 18, 27
50, 18, 27
51, 18, 27
52, 18, 27
34, 19, 4
35, 19, 4
36, 19, 4
37, 19, 4
38, 19, 4
39, 19, 4
40, 19, 4
41, 19, 4
42, 19, 4
43, 19, 4
44, 19, 4
45, 19, 4
46, 19, 4
47, 19, 4
48, 19, 4
49, 19, 4
50, 19, 4
32, 19, 5
33, 19, 5
51, 19, 5
52, 19, 5
53, 19, 5
32, 19, 6
33, 19, 6
54, 19, 6
31, 19, 7
32, 19, 7
55, 19, 7
30, 19, 8
31, 19, 8
55, 19, 8
30, 19, 9
31, 19, 9
55, 19, 9
56, 19, 9
30, 19, 10
56, 19, 10
29, 19, 11
30, 19, 11
56, 19, 11
29, 19, 12
30, 19, 12
56, 19, 12
29, 19, 13
30, 19, 13
56, 19, 13
29, 19, 14
30, 19, 14
56, 19, 14
29, 19, 15
30, 19, 15
56, 19, 15
29, 19, 16
30, 19, 16
56, 19, 16
29, 19, 17
30, 19, 17
56, 19, 17
29, 19, 18
30, 19, 18
56, 19, 18
29, 19, 19
30, 19, 19
56, 19, 19
29, 19, 20
30, 19, 20
56, 19, 20
30, 19, 21
56, 19, 21
30, 19, 22
31, 19, 22
55, 19, 22
56, 19, 22
30, 19, 23
31, 19, 23
55, 19, 23
31, 19, 24
32, 19, 24
55, 19, 24
32, 19, 25
54, 19, 25
32, 19, 26
33, 19, 26
51, 19, 26
52, 19, 26
53, 19, 26
33, 19, 27
34, 19, 27
35, 19, 27
36, 19, 27
37, 19, 27
38, 19, 27
39, 19, 27
40, 19, 27
41, 19, 27
42, 19, 27
43, 19, 27
44, 19, 27
45, 19, 27
46, 19, 27
47, 19, 27
48, 19, 27
49, 19, 27
50, 19, 27
34, 20, 5
35, 20, 5
36, 20, 5
37, 20, 5
38, 20, 5
39, 20, 5
40, 20, 5
41, 20, 5
42, 20, 5
43, 20, 5
44, 20, 5
45, 20, 5
46, 20, 5
47, 20, 5
48, 20, 5
49, 20, 5
50, 20, 5
51, 20, 5
52, 20, 5
34, 20, 6
53, 20, 6
33, 20, 7
34, 20, 7
54, 20, 7
32, 20, 8
33, 20, 8
54, 20, 8
32, 20, 9
33, 20, 9
54, 20, 9
31, 20, 10
32, 20, 10
54, 20, 10
55, 20, 10
31, 20, 11
32, 20, 11
54, 20, 11
55, 20, 11
31, 20, 12
32, 20, 12
54, 20, 12
55, 20, 12
31, 20, 13
32, 20, 13
55, 20, 13
31, 20, 14
32, 20, 14
55, 20, 14
31, 20, 15
32, 20, 15
55, 20, 15
31, 20, 16
32, 20, 16
55, 20, 16
31, 20, 17
32, 20, 17
55, 20, 17
31, 20, 18
32, 20, 18
55, 20, 18
31, 20, 19
32, 20, 19
54, 20, 19
55, 20, 19
31, 20, 20
32, 20, 20
54, 20, 20
55, 20, 20
31, 20, 21
32, 20, 21
54, 20, 21
55, 20, 21
32, 20, 22
33, 20, 22
54, 20, 22
32, 20, 23
33, 20, 23
54, 20, 23
33, 20, 24
34, 20, 24
54, 20, 24
33, 20, 25
34, 20, 25
53, 20, 25
34, 20, 26
35, 20, 26
36, 20, 26
37, 20, 26
38, 20, 26
39, 20, 26
40, 20, 26
41, 20, 26
42, 20, 26
43, 20, 26
44, 20, 26
45, 20, 26
46, 20, 26
47, 20, 26
48, 20, 26
49, 20, 26
50, 20, 26
51, 20, 26
52, 20, 26
37, 21, 5
38, 21, 5
39, 21, 5
40, 21, 5
41, 21, 5
42, 21, 5
43, 21, 5
44, 21, 5
45, 21, 5
46, 21, 5
47, 21, 5
48, 21, 5
49, 21, 5
35, 21, 6
36, 21, 6
50, 21, 6
51, 21, 6
52, 21, 6
35, 21, 7
36, 21, 7
52, 21, 7
53, 21, 7
34, 21, 8
35, 21, 8
52, 21, 8
53, 21, 8
34, 21, 9
53, 21, 9
33, 21, 10
34, 21, 10
53, 21, 10
33, 21, 11
34, 21, 11
53, 21, 11
33, 21, 12
34, 21, 12
53, 21, 12
33, 21, 13
34, 21, 13
53, 21, 13
54, 21, 13
33, 21, 14
34, 21, 14
53, 21, 14
54, 21, 14
33, 21, 15
34, 21, 15
53, 21, 15
54, 21, 15
33, 21, 16
34, 21, 16
53, 21, 16
54, 21, 16
33, 21, 17
34, 21, 17
53, 21, 17
54, 21, 17
33, 21, 18
34, 21, 18
53, 21, 18
54, 21, 18
33, 21, 19
34, 21, 19
53, 21, 19
33, 21, 20
34, 21, 20
53, 21, 20
33, 21, 21
34, 21, 21
53, 21, 21
34, 21, 22
53, 21, 22
34, 21, 23
35, 21, 23
52, 21, 23
53, 21, 23
35, 21, 24
36, 21, 24
52, 21, 24
53, 21, 24
35, 21, 25
36, 21, 25
50, 21, 25
51, 21, 25
52, 21, 25
37, 21, 26
38, 21, 26
39, 21, 26
40, 21, 26
41, 21, 26
42, 21, 26
43, 21, 26
44, 21, 26
45, 21, 26
46, 21, 26
47, 21, 26
48, 21, 26
49, 21, 26
37, 22, 6
38, 22, 6
39, 22, 6
40, 22, 6
41, 22, 6
42, 22, 6
43, 22, 6
44, 22, 6
45, 22, 6
46, 22, 6
47, 22, 6
48, 22, 6
49, 22, 6
37, 22, 7
38, 22, 7
39, 22, 7
40, 22, 7
47, 22, 7
48, 22, 7
49, 22, 7
50, 22, 7
51, 22, 7
36, 22, 8
37, 22, 8
49, 22, 8
50, 22, 8
51, 22, 8
35, 22, 9
36, 22, 9
37, 22, 9
50, 22, 9
51, 22, 9
52, 22, 9
35, 22, 10
36, 22, 10
50, 22, 10
51, 22, 10
52, 22, 10
35, 22, 11
36, 22, 11
51, 22, 11
52, 22, 11
35, 22, 12
36, 22, 12
51, 22, 12
52, 22, 12
35, 22, 13
51, 22, 13
52, 22, 13
35, 22, 14
51, 22, 14
52, 22, 14
35, 22, 15
51, 22, 15
52, 22, 15
35, 22, 16
51, 22, 16
52, 22, 16
35, 22, 17
51, 22, 17
52, 22, 17
35, 22, 18
51, 22, 18
52, 22, 18
35, 22, 19
36, 22, 19
51, 22, 19
52, 22, 19
35, 22, 20
36, 22, 20
51, 22, 20
52, 22, 20
35, 22, 21
36, 22, 21
50, 22, 21
51, 22, 21
52, 22, 21
35, 22, 22
36, 22, 22
37, 22, 22
50, 22, 22
51, 22, 22
52, 22, 22
36, 22, 23
37, 22, 23
49, 22, 23
50, 22, 23
51, 22, 23
37, 22, 24
38, 22, 24
39, 22, 24
40, 22, 24
47, 22, 24
48, 22, 24
49, 22, 24
50, 22, 24
51, 22, 24
37, 22, 25
38, 22, 25
39, 22, 25
40, 22, 25
41, 22, 25
42, 22, 25
43, 22, 25
44, 22, 25
45, 22, 25
46, 22, 25
47, 22, 25
48, 22, 25
49, 22, 25
50, 22, 25
41, 23, 7
42, 23, 7
43, 23, 7
44, 23, 7
45, 23, 7
46, 23, 7
38, 23, 8
39, 23, 8
40, 23, 8
41, 23, 8
42, 23, 8
43, 23, 8
44, 23, 8
45, 23, 8
46, 23, 8
47, 23, 8
48, 23, 8
38, 23, 9
39, 23, 9
40, 23, 9
41, 23, 9
42, 23, 9
43, 23, 9
44, 23, 9
45, 23, 9
46, 23, 9
47, 23, 9
48, 23, 9
49, 23, 9
37, 23, 10
38, 23, 10
39, 23, 10
40, 23, 10
41, 23, 10
42, 23, 10
43, 23, 10
44, 23, 10
45, 23, 10
46, 23, 10
47, 23, 10
48, 23, 10
49, 23, 10
37, 23, 11
38, 23, 11
39, 23, 11
40, 23, 11
41, 23, 11
42, 23, 11
43, 23, 11
44, 23, 11
45, 23, 11
46, 23, 11
47, 23, 11
48, 23, 11
49, 23, 11
50, 23, 11
37, 23, 12
38, 23, 12
39, 23, 12
40, 23, 12
41, 23, 12
42, 23, 12
43, 23, 12
44, 23, 12
45, 23, 12
46, 23, 12
47, 23, 12
48, 23, 12
49, 23, 12
50, 23, 12
36, 23, 13
37, 23, 13
38, 23, 13
39, 23, 13
40, 23, 13
41, 23, 13
42, 23, 13
43, 23, 13
44, 23, 13
45, 23, 13
46, 23, 13
47, 23, 13
48, 23, 13
49, 23, 13
50, 23, 13
36, 23, 14
37, 23, 14
38, 23, 14
39, 23, 14
40, 23, 14
41, 23, 14
42, 23, 14
43, 23, 14
44, 23, 14
45, 23, 14
46, 23, 14
47, 23, 14
48, 23, 14
49, 23, 14
50, 23, 14
36, 23, 15
37, 23, 15
38, 23, 15
39, 23, 15
40, 23, 15
41, 23, 15
42, 23, 15
43, 23, 15
44, 23, 15
45, 23, 15
46, 23, 15
47, 23, 15
48, 23, 15
49, 23, 15
50, 23, 15
36, 23, 16
37, 23, 16
38, 23, 16
39, 23, 16
40, 23, 16
41, 23, 16
42, 23, 16
43, 23, 16
44, 23, 16
45, 23, 16
46, 23, 16
47, 23, 16
48, 23, 16
49, 23, 16
50, 23, 16
36, 23, 17
37, 23, 17
38, 23, 17
39, 23, 17
40, 23, 17
41, 23, 17
42, 23, 17
43, 23, 17
44, 23, 17
45, 23, 17
46, 23, 17
47, 23, 17
48, 23, 17
49, 23, 17
50, 23, 17
36, 23, 18
37, 23, 18
38, 23, 18
39, 23, 18
40, 23, 18
41, 23, 18
42, 23, 18
43, 23, 18
44, 23, 18
45, 23, 18
46, 23, 18
47, 23, 18
48, 23, 18
49, 23, 18
50, 23, 18
37, 23, 19
38, 23, 19
39, 23, 19
40, 23, 19
41, 23, 19
42, 23, 19
43, 23, 19
44, 23, 19
45, 23, 19
46, 23, 19
47, 23, 19
48, 23, 19
49, 23, 19
50, 23, 19
37, 23, 20
38, 23, 20
39, 23, 20
40, 23, 20
41, 23, 20
42, 23, 20
43, 23, 20
44, 23, 20
45, 23, 20
46, 23, 20
47, 23, 20
48, 23, 20
49, 23, 20
50, 23, 20
37, 23, 21
38, 23, 21
39, 23, 21
40, 23, 21
41, 23, 21
42, 23, 21
43, 23, 21
44, 23, 21
45, 23, 21
46, 23, 21
47, 23, 21
48, 23, 21
49, 23, 21
38, 23, 22
39, 23, 22
40, 23, 22
41, 23, 22
42, 23, 22
43, 23, 22
44, 23, 22
45, 23, 22
46, 23, 22
47, 23, 22
48, 23, 22
49, 23, 22
38, 23, 23
39, 23, 23
40, 23, 23
41, 23, 23
42, 23, 23
43, 23, 23
44, 23, 23
45, 23, 23
46, 23, 23
47, 23, 23
48, 23, 23
41, 23, 24
42, 23, 24
43, 23, 24
44, 23, 24
45, 23, 24
46, 23, 24