31, 0, 23
32, 0, 23
33, 0, 23
34, 0, 23
35, 0, 23
36, 0, 23
30, 0, 24
31, 0, 24
32, 0, 24
33, 0, 24
34, 0, 24
35, 0, 24
36, 0, 24
37, 0, 24
30, 0, 25
31, 0, 25
32, 0, 25
33, 0, 25
34, 0, 25
35, 0, 25
36, 0, 25
37, 0, 25
29, 0, 26
30, 0, 26
31, 0, 26
32, 0, 26
33, 0, 26
34, 0, 26
35, 0, 26
36, 0, 26
37, 0, 26
38, 0, 26
29, 0, 27
30, 0, 27
31, 0, 27
32, 0, 27
33, 0, 27
34, 0, 27
35, 0, 27
36, 0, 27
37, 0, 27
38, 0, 27
29, 0, 28
30, 0, 28
31, 0, 28
32, 0, 28
33, 0, 28
34, 0, 28
35, 0, 28
36, 0, 28
37, 0, 28
38, 0, 28
30, 0, 29
31, 0, 29
32, 0, 29
33, 0, 29
34, 0, 29
35, 0, 29
36, 0, 29
37, 0, 29
30, 0, 30
31, 0, 30
32, 0, 30
33, 0, 30
34, 0, 30
35, 0, 30
36, 0, 30
37, 0, 30
31, 0, 31
32, 0, 31
33, 0, 31
34, 0, 31
35, 0, 31
36, 0, 31
31, 1, 21
32, 1, 21
33, 1, 21
34, 1, 21
35, 1, 21
36, 1, 21
29, 1, 22
30, 1, 22
31, 1, 22
32, 1, 22
33, 1, 22
34, 1, 22
35, 1, 22
36, 1, 22
37, 1, 22
38, 1, 22
28, 1, 23
29, 1, 23
30, 1, 23
37, 1, 23
38, 1, 23
39, 1, 23
28, 1, 24
29, 1, 24
38, 1, 24
39, 1, 24
27, 1, 25
28, 1, 25
29, 1, 25
38, 1, 25
39, 1, 25
40, 1, 25
27, 1, 26
28, 1, 26
39, 1, 26
40, 1, 26
27, 1, 27
28, 1, 27
39, 1, 27
40, 1, 27
27, 1, 28
28, 1, 28
39, 1, 28
40, 1, 28
27, 1, 29
28, 1, 29
29, 1, 29
38, 1, 29
39, 1, 29
40, 1, 29
28, 1, 30
29, 1, 30
38, 1, 30
39, 1, 30
28, 1, 31
29, 1, 31
30, 1, 31
37, 1, 31
38, 1, 31
39, 1, 31
29, 1, 32
30, 1, 32
31, 1, 32
32, 1, 32
33, 1, 32
34, 1, 32
35, 1, 32
36, 1, 32
37, 1, 32
38, 1, 32
30, 1, 33
31, 1, 33
32, 1, 33
33, 1, 33
34, 1, 33
35, 1, 33
36, 1, 33
37, 1, 33
33, 1, 34
34, 1, 34
31, 2, 19
32, 2, 19
33, 2, 19
34, 2, 19
35, 2, 19
36, 2, 19
29, 2, 20
30, 2, 20
31, 2, 20
32, 2, 20
33, 2, 20
34, 2, 20
35, 2, 20
36, 2, 20
37, 2, 20
38, 2, 20
28, 2, 21
29, 2, 21
30, 2, 21
37, 2, 21
38, 2, 21
39, 2, 21
27, 2, 22
28, 2, 22
39, 2, 22
40, 2, 22
27, 2, 23
40, 2, 23
41, 2, 23
26, 2, 24
27, 2, 24
40, 2, 24
41, 2, 24
26, 2, 25
41, 2, 25
26, 2, 26
41, 2, 26
26, 2, 27
41, 2, 27
26, 2, 28
41, 2, 28
26, 2, 29
41, 2, 29
26, 2, 30
27, 2, 30
40, 2, 30
41, 2, 30
27, 2, 31
40, 2, 31
41, 2, 31
27, 2, 32
28, 2, 32
39, 2, 32
40, 2, 32
28, 2, 33
29, 2, 33
38, 2, 33
39, 2, 33
29, 2, 34
30, 2, 34
31, 2, 34
32, 2, 34
35, 2, 34
36, 2, 34
37, 2, 34
38, 2, 34
31, 2, 35
32, 2, 35
33, 2, 35
34, 2, 35
35, 2, 35
36, 2, 35
31, 3, 18
32, 3, 18
33, 3, 18
34, 3, 18
35, 3, 18
36, 3, 18
28, 3, 19
29, 3, 19
30, 3, 19
37, 3, 19
38, 3, 19
39, 3, 19
27, 3, 20
28, 3, 20
39, 3, 20
40, 3, 20
27, 3, 21
40, 3, 21
26, 3, 22
41, 3, 22
25, 3, 23
26, 3, 23
42, 3, 23
25, 3, 24
42, 3, 24
25, 3, 25
42, 3, 25
24, 3, 26
25, 3, 26
42, 3, 26
43, 3, 26
24, 3, 27
25, 3, 27
42, 3, 27
43, 3, 27
24, 3, 28
25, 3, 28
42, 3, 28
43, 3, 28
25, 3, 29
42, 3, 29
43, 3, 29
25, 3, 30
42, 3, 30
25, 3, 31
26, 3, 31
42, 3, 31
26, 3, 32
41, 3, 32
26, 3, 33
27, 3, 33
40, 3, 33
41, 3, 33
27, 3, 34
28, 3, 34
39, 3, 34
40, 3, 34
28, 3, 35
29, 3, 35
30, 3, 35
37, 3, 35
38, 3, 35
39, 3, 35
30, 3, 36
31, 3, 36
32, 3, 36
33, 3, 36
34, 3, 36
35, 3, 36
36, 3, 36
37, 3, 36
31, 4, 17
32, 4, 17
33, 4, 17
34, 4, 17
35, 4, 17
36, 4, 17
29, 4, 18
30, 4, 18
37, 4, 18
38, 4, 18
27, 4, 19
28, 4, 19
39, 4, 19
40, 4, 19
26, 4, 20
41, 4, 20
25, 4, 21
26, 4, 21
41, 4, 21
42, 4, 21
25, 4, 22
42, 4, 22
24, 4, 23
43, 4, 23
24, 4, 24
43, 4, 24
24, 4, 25
43, 4, 25
24, 4, 26
43, 4, 26
23, 4, 27
44, 4, 27
24, 4, 28
43, 4, 28
24, 4, 29
43, 4, 29
24, 4, 30
43, 4, 30
24, 4, 31
43, 4, 31
25, 4, 32
42, 4, 32
43, 4, 32
25, 4, 33
42, 4, 33
26, 4, 34
41, 4, 34
27, 4, 35
28, 4, 35
40, 4, 35
29, 4, 36
30, 4, 36
38, 4, 36
39, 4, 36
31, 4, 37
32, 4, 37
33, 4, 37
34, 4, 37
35, 4, 37
36, 4, 37
37, 4, 37
32, 5, 16
33, 5, 16
34, 5, 16
35, 5, 16
29, 5, 17
30, 5, 17
31, 5, 17
36, 5, 17
37, 5, 17
38, 5, 17
27, 5, 18
28, 5, 18
39, 5, 18
40, 5, 18
26, 5, 19
41, 5, 19
25, 5, 20
42, 5, 20
24, 5, 21
43, 5, 21
24, 5, 22
43, 5, 22
24, 5, 23
44, 5, 23
23, 5, 24
44, 5, 24
23, 5, 25
44, 5, 25
23, 5, 26
44, 5, 26
23, 5, 27
44, 5, 27
23, 5, 28
44, 5, 28
23, 5, 29
44, 5, 29
23, 5, 30
44, 5, 30
23, 5, 31
44, 5, 31
24, 5, 32
43, 5, 32
24, 5, 33
43, 5, 33
25, 5, 34
42, 5, 34
26, 5, 35
41, 5, 35
27, 5, 36
28, 5, 36
39, 5, 36
40, 5, 36
28, 5, 37
29, 5, 37
30, 5, 37
37, 5, 37
38, 5, 37
31, 5, 38
32, 5, 38
33, 5, 38
34, 5, 38
35, 5, 38
36, 5, 38
29, 6, 16
30, 6, 16
31, 6, 16
32, 6, 16
33, 6, 16
34, 6, 16
35, 6, 16
36, 6, 16
37, 6, 16
38, 6, 16
28, 6, 17
39, 6, 17
26, 6, 18
27, 6, 18
40, 6, 18
41, 6, 18
25, 6, 19
42, 6, 19
24, 6, 20
43, 6, 20
24, 6, 21
43, 6, 21
23, 6, 22
44, 6, 22
23, 6, 23
44, 6, 23
23, 6, 24
45, 6, 24
22, 6, 25
45, 6, 25
22, 6, 26
45, 6, 26
22, 6, 27
45, 6, 27
22, 6, 28
45, 6, 28
22, 6, 29
45, 6, 29
22, 6, 30
45, 6, 30
23, 6, 31
44, 6, 31
23, 6, 32
44, 6, 32
24, 6, 33
44, 6, 33
24, 6, 34
43, 6, 34
25, 6, 35
42, 6, 35
26, 6, 36
41, 6, 36
27, 6, 37
28, 6, 37
39, 6, 37
40, 6, 37
29, 6, 38
30, 6, 38
31, 6, 38
32, 6, 38
33, 6, 38
35, 6, 38
36, 6, 38
37, 6, 38
38, 6, 38
34, 6, 39
12, 7, 8
13, 7, 8
14, 7, 8
10, 7, 9
11, 7, 9
12, 7, 9
13, 7, 9
14, 7, 9
15, 7, 9
16, 7, 9
9, 7, 10
10, 7, 10
11, 7, 10
12, 7, 10
13, 7, 10
14, 7, 10
15, 7, 10
16, 7, 10
17, 7, 10
8, 7, 11
9, 7, 11
10, 7, 11
11, 7, 11
12, 7, 11
13, 7, 11
14, 7, 11
15, 7, 11
16, 7, 11
17, 7, 11
18, 7, 11
8, 7, 12
9, 7, 12
10, 7, 12
11, 7, 12
12, 7, 12
13, 7, 12
14, 7, 12
15, 7, 12
16, 7, 12
17, 7, 12
18, 7, 12
8, 7, 13
9, 7, 13
10, 7, 13
11, 7, 13
12, 7, 13
13, 7, 13
14, 7, 13
15, 7, 13
16, 7, 13
17, 7, 13
18, 7, 13
8, 7, 14
9, 7, 14
10, 7, 14
11, 7, 14
12, 7, 14
13, 7, 14
14, 7, 14
15, 7, 14
16, 7, 14
17, 7, 14
18, 7, 14
9, 7, 15
10, 7, 15
11, 7, 15
12, 7, 15
13, 7, 15
14, 7, 15
15, 7, 15
16, 7, 15
17, 7, 15
18, 7, 15
31, 7, 15
32, 7, 15
33, 7, 15
34, 7, 15
35, 7, 15
36, 7, 15
9, 7, 16
10, 7, 16
11, 7, 16
12, 7, 16
13, 7, 16
14, 7, 16
15, 7, 16
16, 7, 16
17, 7, 16
29, 7, 16
30, 7, 16
37, 7, 16
38, 7, 16
39, 7, 16
10, 7, 17
11, 7, 17
12, 7, 17
13, 7, 17
14, 7, 17
15, 7, 17
16, 7, 17
27, 7, 17
28, 7, 17
40, 7, 17
12, 7, 18
13, 7, 18
14, 7, 18
15, 7, 18
26, 7, 18
41, 7, 18
42, 7, 18
24, 7, 19
25, 7, 19
43, 7, 19
24, 7, 20
43, 7, 20
23, 7, 21
44, 7, 21
23, 7, 22
44, 7, 22
22, 7, 23
45, 7, 23
22, 7, 24
45, 7, 24
22, 7, 25
45, 7, 25
22, 7, 26
45, 7, 26
22, 7, 27
45, 7, 27
22, 7, 28
45, 7, 28
22, 7, 29
45, 7, 29
22, 7, 30
45, 7, 30
22, 7, 31
45, 7, 31
23, 7, 32
45, 7, 32
23, 7, 33
44, 7, 33
24, 7, 34
43, 7, 34
24, 7, 35
43, 7, 35
25, 7, 36
42, 7, 36
26, 7, 37
27, 7, 37
40, 7, 37
41, 7, 37
28, 7, 38
29, 7, 38
30, 7, 38
38, 7, 38
39, 7, 38
31, 7, 39
32, 7, 39
33, 7, 39
34, 7, 39
35, 7, 39
36, 7, 39
37, 7, 39
11, 8, 6
12, 8, 6
13, 8, 6
14, 8, 6
15, 8, 6
9, 8, 7
10, 8, 7
11, 8, 7
12, 8, 7
13, 8, 7
14, 8, 7
15, 8, 7
16, 8, 7
17, 8, 7
8, 8, 8
9, 8, 8
10, 8, 8
11, 8, 8
15, 8, 8
16, 8, 8
17, 8, 8
18, 8, 8
7, 8, 9
8, 8, 9
9, 8, 9
17, 8, 9
18, 8, 9
19, 8, 9
7, 8, 10
8, 8, 10
18, 8, 10
19, 8, 10
6, 8, 11
7, 8, 11
19, 8, 11
20, 8, 11
6, 8, 12
7, 8, 12
19, 8, 12
20, 8, 12
6, 8, 13
7, 8, 13
19, 8, 13
20, 8, 13
6, 8, 14
7, 8, 14
19, 8, 14
20, 8, 14
6, 8, 15
7, 8, 15
8, 8, 15
19, 8, 15
20, 8, 15
29, 8, 15
30, 8, 15
31, 8, 15
32, 8, 15
33, 8, 15
34, 8, 15
35, 8, 15
36, 8, 15
37, 8, 15
38, 8, 15
7, 8, 16
8, 8, 16
18, 8, 16
19, 8, 16
27, 8, 16
28, 8, 16
39, 8, 16
40, 8, 16
7, 8, 17
8, 8, 17
9, 8, 17
17, 8, 17
18, 8, 17
19, 8, 17
26, 8, 17
41, 8, 17
8, 8, 18
9, 8, 18
10, 8, 18
11, 8, 18
16, 8, 18
17, 8, 18
18, 8, 18
25, 8, 18
42, 8, 18
9, 8, 19
10, 8, 19
11, 8, 19
12, 8, 19
13, 8, 19
14, 8, 19
15, 8, 19
16, 8, 19
17, 8, 19
24, 8, 19
43, 8, 19
11, 8, 20
12, 8, 20
13, 8, 20
14, 8, 20
15, 8, 20
23, 8, 20
44, 8, 20
23, 8, 21
44, 8, 21
22, 8, 22
45, 8, 22
22, 8, 23
45, 8, 23
22, 8, 24
46, 8, 24
21, 8, 25
46, 8, 25
21, 8, 26
46, 8, 26
21, 8, 27
46, 8, 27
21, 8, 28
46, 8, 28
21, 8, 29
46, 8, 29
22, 8, 30
45, 8, 30
22, 8, 31
45, 8, 31
22, 8, 32
45, 8, 32
23, 8, 33
44, 8, 33
23, 8, 34
44, 8, 34
24, 8, 35
43, 8, 35
25, 8, 36
42, 8, 36
26, 8, 37
41, 8, 37
27, 8, 38
28, 8, 38
39, 8, 38
40, 8, 38
29, 8, 39
30, 8, 39
31, 8, 39
32, 8, 39
33, 8, 39
34, 8, 39
35, 8, 39
36, 8, 39
37, 8, 39
38, 8, 39
9, 9, 5
10, 9, 5
11, 9, 5
12, 9, 5
13, 9, 5
14, 9, 5
15, 9, 5
16, 9, 5
8, 9, 6
9, 9, 6
10, 9, 6
16, 9, 6
17, 9, 6
18, 9, 6
7, 9, 7
8, 9, 7
18, 9, 7
19, 9, 7
6, 9, 8
7, 9, 8
19, 9, 8
20, 9, 8
5, 9, 9
6, 9, 9
20, 9, 9
5, 9, 10
6, 9, 10
20, 9, 10
21, 9, 10
5, 9, 11
21, 9, 11
5, 9, 12
21, 9, 12
4, 9, 13
5, 9, 13
21, 9, 13
5, 9, 14
21, 9, 14
34, 9, 14
5, 9, 15
21, 9, 15
29, 9, 15
30, 9, 15
31, 9, 15
32, 9, 15
33, 9, 15
35, 9, 15
36, 9, 15
37, 9, 15
38, 9, 15
5, 9, 16
6, 9, 16
20, 9, 16
21, 9, 16
27, 9, 16
28, 9, 16
39, 9, 16
40, 9, 16
5, 9, 17
6, 9, 17
20, 9, 17
25, 9, 17
26, 9, 17
41, 9, 17
6, 9, 18
7, 9, 18
19, 9, 18
20, 9, 18
24, 9, 18
42, 9, 18
43, 9, 18
7, 9, 19
8, 9, 19
18, 9, 19
19, 9, 19
23, 9, 19
44, 9, 19
8, 9, 20
9, 9, 20
10, 9, 20
16, 9, 20
17, 9, 20
18, 9, 20
23, 9, 20
44, 9, 20
10, 9, 21
11, 9, 21
12, 9, 21
13, 9, 21
14, 9, 21
15, 9, 21
16, 9, 21
22, 9, 21
45, 9, 21
22, 9, 22
45, 9, 22
22, 9, 23
46, 9, 23
21, 9, 24
46, 9, 24
21, 9, 25
46, 9, 25
21, 9, 26
46, 9, 26
21, 9, 27
46, 9, 27
21, 9, 28
46, 9, 28
21, 9, 29
46, 9, 29
21, 9, 30
46, 9, 30
21, 9, 31
46, 9, 31
22, 9, 32
45, 9, 32
22, 9, 33
45, 9, 33
23, 9, 34
44, 9, 34
24, 9, 35
44, 9, 35
24, 9, 36
43, 9, 36
25, 9, 37
26, 9, 37
41, 9, 37
42, 9, 37
27, 9, 38
40, 9, 38
28, 9, 39
29, 9, 39
30, 9, 39
37, 9, 39
38, 9, 39
39, 9, 39
31, 9, 40
32, 9, 40
33, 9, 40
34, 9, 40
35, 9, 40
36, 9, 40
9, 10, 4
10, 10, 4
11, 10, 4
12, 10, 4
13, 10, 4
14, 10, 4
15, 10, 4
16, 10, 4
7, 10, 5
8, 10, 5
17, 10, 5
18, 10, 5
6, 10, 6
7, 10, 6
19, 10, 6
5, 10, 7
6, 10, 7
20, 10, 7
5, 10, 8
21, 10, 8
4, 10, 9
21, 10, 9
4, 10, 10
22, 10, 10
3, 10, 11
4, 10, 11
22, 10, 11
3, 10, 12
4, 10, 12
22, 10, 12
3, 10, 13
22, 10, 13
3, 10, 14
4, 10, 14
22, 10, 14
31, 10, 14
32, 10, 14
33, 10, 14
34, 10, 14
35, 10, 14
36, 10, 14
3, 10, 15
4, 10, 15
22, 10, 15
28, 10, 15
29, 10, 15
30, 10, 15
37, 10, 15
38, 10, 15
39, 10, 15
4, 10, 16
22, 10, 16
26, 10, 16
27, 10, 16
40, 10, 16
41, 10, 16
4, 10, 17
21, 10, 17
25, 10, 17
42, 10, 17
5, 10, 18
21, 10, 18
24, 10, 18
43, 10, 18
5, 10, 19
6, 10, 19
20, 10, 19
23, 10, 19
44, 10, 19
6, 10, 20
7, 10, 20
19, 10, 20
20, 10, 20
23, 10, 20
44, 10, 20
7, 10, 21
8, 10, 21
9, 10, 21
17, 10, 21
18, 10, 21
22, 10, 21
45, 10, 21
9, 10, 22
10, 10, 22
11, 10, 22
12, 10, 22
13, 10, 22
14, 10, 22
15, 10, 22
16, 10, 22
22, 10, 22
45, 10, 22
21, 10, 23
46, 10, 23
21, 10, 24
46, 10, 24
21, 10, 25
46, 10, 25
21, 10, 26
46, 10, 26
21, 10, 27
46, 10, 27
21, 10, 28
46, 10, 28
21, 10, 29
46, 10, 29
21, 10, 30
46, 10, 30
21, 10, 31
46, 10, 31
21, 10, 32
46, 10, 32
22, 10, 33
45, 10, 33
22, 10, 34
44, 10, 34
23, 10, 35
44, 10, 35
24, 10, 36
43, 10, 36
25, 10, 37
42, 10, 37
26, 10, 38
27, 10, 38
40, 10, 38
41, 10, 38
28, 10, 39
29, 10, 39
30, 10, 39
38, 10, 39
39, 10, 39
31, 10, 40
32, 10, 40
33, 10, 40
34, 10, 40
35, 10, 40
36, 10, 40
37, 10, 40
9, 11, 3
10, 11, 3
11, 11, 3
12, 11, 3
13, 11, 3
14, 11, 3
15, 11, 3
16, 11, 3
7, 11, 4
8, 11, 4
17, 11, 4
18, 11, 4
6, 11, 5
19, 11, 5
5, 11, 6
20, 11, 6
4, 11, 7
21, 11, 7
3, 11, 8
4, 11, 8
22, 11, 8
3, 11, 9
22, 11, 9
3, 11, 10
23, 11, 10
3, 11, 11
23, 11, 11
2, 11, 12
23, 11, 12
2, 11, 13
23, 11, 13
2, 11, 14
23, 11, 14
31, 11, 14
32, 11, 14
33, 11, 14
34, 11, 14
35, 11, 14
36, 11, 14
3, 11, 15
23, 11, 15
28, 11, 15
29, 11, 15
30, 11, 15
37, 11, 15
38, 11, 15
39, 11, 15
3, 11, 16
23, 11, 16
26, 11, 16
27, 11, 16
40, 11, 16
41, 11, 16
3, 11, 17
22, 11, 17
25, 11, 17
42, 11, 17
4, 11, 18
22, 11, 18
24, 11, 18
43, 11, 18
4, 11, 19
21, 11, 19
23, 11, 19
44, 11, 19
5, 11, 20
21, 11, 20
22, 11, 20
45, 11, 20
6, 11, 21
19, 11, 21
20, 11, 21
22, 11, 21
45, 11, 21
7, 11, 22
8, 11, 22
17, 11, 22
18, 11, 22
21, 11, 22
46, 11, 22
9, 11, 23
10, 11, 23
11, 11, 23
12, 11, 23
13, 11, 23
14, 11, 23
15, 11, 23
16, 11, 23
21, 11, 23
46, 11, 23
21, 11, 24
46, 11, 24
21, 11, 25
46, 11, 25
21, 11, 26
46, 11, 26
21, 11, 27
47, 11, 27
21, 11, 28
46, 11, 28
21, 11, 29
46, 11, 29
21, 11, 30
46, 11, 30
21, 11, 31
46, 11, 31
21, 11, 32
46, 11, 32
22, 11, 33
45, 11, 33
22, 11, 34
45, 11, 34
23, 11, 35
44, 11, 35
24, 11, 36
43, 11, 36
25, 11, 37
42, 11, 37
26, 11, 38
41, 11, 38
27, 11, 39
28, 11, 39
29, 11, 39
38, 11, 39
39, 11, 39
40, 11, 39
30, 11, 40
31, 11, 40
32, 11, 40
33, 11, 40
34, 11, 40
35, 11, 40
36, 11, 40
37, 11, 40
10, 12, 2
11, 12, 2
12, 12, 2
13, 12, 2
14, 12, 2
15, 12, 2
7, 12, 3
8, 12, 3
9, 12, 3
16, 12, 3
17, 12, 3
18, 12, 3
6, 12, 4
19, 12, 4
5, 12, 5
20, 12, 5
4, 12, 6
21, 12, 6
3, 12, 7
22, 12, 7
3, 12, 8
23, 12, 8
2, 12, 9
23, 12, 9
2, 12, 10
23, 12, 10
2, 12, 11
24, 12, 11
2, 12, 12
24, 12, 12
2, 12, 13
24, 12, 13
2, 12, 14
24, 12, 14
30, 12, 14
31, 12, 14
32, 12, 14
33, 12, 14
34, 12, 14
35, 12, 14
36, 12, 14
37, 12, 14
2, 12, 15
24, 12, 15
28, 12, 15
29, 12, 15
38, 12, 15
39, 12, 15
2, 12, 16
23, 12, 16
26, 12, 16
27, 12, 16
40, 12, 16
41, 12, 16
2, 12, 17
23, 12, 17
25, 12, 17
42, 12, 17
3, 12, 18
22, 12, 18
24, 12, 18
43, 12, 18
3, 12, 19
22, 12, 19
23, 12, 19
44, 12, 19
4, 12, 20
21, 12, 20
45, 12, 20
5, 12, 21
20, 12, 21
22, 12, 21
45, 12, 21
6, 12, 22
19, 12, 22
20, 12, 22
21, 12, 22
46, 12, 22
7, 12, 23
8, 12, 23
9, 12, 23
17, 12, 23
18, 12, 23
21, 12, 23
46, 12, 23
10, 12, 24
11, 12, 24
12, 12, 24
13, 12, 24
14, 12, 24
15, 12, 24
16, 12, 24
21, 12, 24
46, 12, 24
21, 12, 25
46, 12, 25
21, 12, 26
47, 12, 26
20, 12, 27
47, 12, 27
20, 12, 28
47, 12, 28
21, 12, 29
47, 12, 29
21, 12, 30
46, 12, 30
21, 12, 31
46, 12, 31
21, 12, 32
46, 12, 32
22, 12, 33
45, 12, 33
22, 12, 34
45, 12, 34
23, 12, 35
44, 12, 35
24, 12, 36
43, 12, 36
25, 12, 37
42, 12, 37
26, 12, 38
41, 12, 38
27, 12, 39
28, 12, 39
29, 12, 39
38, 12, 39
39, 12, 39
40, 12, 39
30, 12, 40
31, 12, 40
32, 12, 40
33, 12, 40
34, 12, 40
35, 12, 40
36, 12, 40
37, 12, 40
8, 13, 2
9, 13, 2
10, 13, 2
11, 13, 2
12, 13, 2
13, 13, 2
14, 13, 2
15, 13, 2
16, 13, 2
17, 13, 2
6, 13, 3
7, 13, 3
18, 13, 3
19, 13, 3
5, 13, 4
20, 13, 4
4, 13, 5
21, 13, 5
3, 13, 6
22, 13, 6
3, 13, 7
23, 13, 7
2, 13, 8
23, 13, 8
2, 13, 9
24, 13, 9
1, 13, 10
24, 13, 10
1, 13, 11
24, 13, 11
1, 13, 12
24, 13, 12
1, 13, 13
24, 13, 13
1, 13, 14
24, 13, 14
30, 13, 14
31, 13, 14
32, 13, 14
33, 13, 14
34, 13, 14
35, 13, 14
36, 13, 14
37, 13, 14
1, 13, 15
24, 13, 15
28, 13, 15
29, 13, 15
38, 13, 15
39, 13, 15
1, 13, 16
24, 13, 16
26, 13, 16
27, 13, 16
40, 13, 16
41, 13, 16
2, 13, 17
24, 13, 17
25, 13, 17
42, 13, 17
2, 13, 18
23, 13, 18
43, 13, 18
3, 13, 19
44, 13, 19
3, 13, 20
45, 13, 20
4, 13, 21
21, 13, 21
45, 13, 21
5, 13, 22
20, 13, 22
46, 13, 22
6, 13, 23
7, 13, 23
8, 13, 23
18, 13, 23
19, 13, 23
21, 13, 23
46, 13, 23
9, 13, 24
10, 13, 24
11, 13, 24
12, 13, 24
13, 13, 24
14, 13, 24
15, 13, 24
16, 13, 24
17, 13, 24
21, 13, 24
46, 13, 24
21, 13, 25
46, 13, 25
20, 13, 26
47, 13, 26
20, 13, 27
47, 13, 27
20, 13, 28
47, 13, 28
21, 13, 29
46, 13, 29
21, 13, 30
46, 13, 30
21, 13, 31
46, 13, 31
21, 13, 32
46, 13, 32
22, 13, 33
45, 13, 33
22, 13, 34
45, 13, 34
23, 13, 35
44, 13, 35
24, 13, 36
43, 13, 36
24, 13, 37
25, 13, 37
42, 13, 37
43, 13, 37
26, 13, 38
27, 13, 38
41, 13, 38
28, 13, 39
29, 13, 39
38, 13, 39
39, 13, 39
40, 13, 39
30, 13, 40
31, 13, 40
32, 13, 40
33, 13, 40
34, 13, 40
35, 13, 40
36, 13, 40
37, 13, 40
9, 14, 1
10, 14, 1
11, 14, 1
12, 14, 1
13, 14, 1
14, 14, 1
15, 14, 1
16, 14, 1
7, 14, 2
8, 14, 2
17, 14, 2
18, 14, 2
5, 14, 3
6, 14, 3
19, 14, 3
20, 14, 3
4, 14, 4
21, 14, 4
3, 14, 5
22, 14, 5
3, 14, 6
23, 14, 6
2, 14, 7
23, 14, 7
2, 14, 8
24, 14, 8
1, 14, 9
24, 14, 9
1, 14, 10
24, 14, 10
1, 14, 11
25, 14, 11
1, 14, 12
25, 14, 12
1, 14, 13
25, 14, 13
1, 14, 14
25, 14, 14
30, 14, 14
31, 14, 14
32, 14, 14
33, 14, 14
34, 14, 14
35, 14, 14
36, 14, 14
37, 14, 14
1, 14, 15
25, 14, 15
28, 14, 15
29, 14, 15
38, 14, 15
39, 14, 15
1, 14, 16
25, 14, 16
26, 14, 16
27, 14, 16
40, 14, 16
41, 14, 16
1, 14, 17
42, 14, 17
2, 14, 18
43, 14, 18
2, 14, 19
44, 14, 19
3, 14, 20
45, 14, 20
3, 14, 21
45, 14, 21
4, 14, 22
46, 14, 22
5, 14, 23
6, 14, 23
19, 14, 23
20, 14, 23
46, 14, 23
7, 14, 24
8, 14, 24
9, 14, 24
16, 14, 24
17, 14, 24
18, 14, 24
21, 14, 24
46, 14, 24
10, 14, 25
11, 14, 25
12, 14, 25
13, 14, 25
14, 14, 25
15, 14, 25
21, 14, 25
46, 14, 25
21, 14, 26
46, 14, 26
20, 14, 27
47, 14, 27
21, 14, 28
47, 14, 28
21, 14, 29
46, 14, 29
21, 14, 30
46, 14, 30
21, 14, 31
46, 14, 31
21, 14, 32
46, 14, 32
22, 14, 33
45, 14, 33
22, 14, 34
45, 14, 34
23, 14, 35
44, 14, 35
24, 14, 36
43, 14, 36
25, 14, 37
42, 14, 37
26, 14, 38
27, 14, 38
40, 14, 38
41, 14, 38
28, 14, 39
29, 14, 39
30, 14, 39
37, 14, 39
38, 14, 39
39, 14, 39
31, 14, 40
32, 14, 40
33, 14, 40
34, 14, 40
35, 14, 40
36, 14, 40
8, 15, 1
9, 15, 1
10, 15, 1
11, 15, 1
12, 15, 1
13, 15, 1
14, 15, 1
15, 15, 1
16, 15, 1
17, 15, 1
6, 15, 2
7, 15, 2
18, 15, 2
19, 15, 2
5, 15, 3
20, 15, 3
4, 15, 4
21, 15, 4
3, 15, 5
22, 15, 5
2, 15, 6
23, 15, 6
2, 15, 7
24, 15, 7
1, 15, 8
24, 15, 8
1, 15, 9
24, 15, 9
0, 15, 10
25, 15, 10
0, 15, 11
25, 15, 11
0, 15, 12
25, 15, 12
0, 15, 13
25, 15, 13
0, 15, 14
25, 15, 14
31, 15, 14
32, 15, 14
33, 15, 14
34, 15, 14
35, 15, 14
36, 15, 14
0, 15, 15
25, 15, 15
28, 15, 15
29, 15, 15
30, 15, 15
37, 15, 15
38, 15, 15
39, 15, 15
0, 15, 16
26, 15, 16
27, 15, 16
40, 15, 16
41, 15, 16
1, 15, 17
42, 15, 17
1, 15, 18
43, 15, 18
1, 15, 19
44, 15, 19
2, 15, 20
45, 15, 20
3, 15, 21
45, 15, 21
4, 15, 22
46, 15, 22
5, 15, 23
20, 15, 23
46, 15, 23
6, 15, 24
7, 15, 24
8, 15, 24
17, 15, 24
18, 15, 24
19, 15, 24
21, 15, 24
46, 15, 24
9, 15, 25
10, 15, 25
11, 15, 25
12, 15, 25
13, 15, 25
14, 15, 25
15, 15, 25
16, 15, 25
21, 15, 25
46, 15, 25
21, 15, 26
46, 15, 26
21, 15, 27
46, 15, 27
21, 15, 28
46, 15, 28
21, 15, 29
46, 15, 29
21, 15, 30
46, 15, 30
21, 15, 31
46, 15, 31
22, 15, 32
46, 15, 32
22, 15, 33
45, 15, 33
23, 15, 34
44, 15, 34
23, 15, 35
44, 15, 35
24, 15, 36
43, 15, 36
25, 15, 37
26, 15, 37
41, 15, 37
42, 15, 37
27, 15, 38
40, 15, 38
28, 15, 39
29, 15, 39
30, 15, 39
31, 15, 39
35, 15, 39
36, 15, 39
37, 15, 39
38, 15, 39
39, 15, 39
32, 15, 40
33, 15, 40
34, 15, 40
10, 16, 0
11, 16, 0
12, 16, 0
13, 16, 0
14, 16, 0
7, 16, 1
8, 16, 1
9, 16, 1
15, 16, 1
16, 16, 1
17, 16, 1
18, 16, 1
5, 16, 2
6, 16, 2
19, 16, 2
4, 16, 3
20, 16, 3
21, 16, 3
3, 16, 4
22, 16, 4
2, 16, 5
23, 16, 5
2, 16, 6
23, 16, 6
1, 16, 7
24, 16, 7
1, 16, 8
24, 16, 8
0, 16, 9
25, 16, 9
0, 16, 10
25, 16, 10
0, 16, 11
25, 16, 11
0, 16, 12
25, 16, 12
0, 16, 13
25, 16, 13
0, 16, 14
25, 16, 14
32, 16, 14
33, 16, 14
34, 16, 14
35, 16, 14
0, 16, 15
25, 16, 15
28, 16, 15
29, 16, 15
30, 16, 15
31, 16, 15
36, 16, 15
37, 16, 15
38, 16, 15
39, 16, 15
0, 16, 16
26, 16, 16
27, 16, 16
40, 16, 16
41, 16, 16
1, 16, 17
42, 16, 17
1, 16, 18
43, 16, 18
1, 16, 19
44, 16, 19
2, 16, 20
44, 16, 20
3, 16, 21
45, 16, 21
3, 16, 22
4, 16, 22
45, 16, 22
5, 16, 23
20, 16, 23
46, 16, 23
6, 16, 24
7, 16, 24
18, 16, 24
19, 16, 24
21, 16, 24
46, 16, 24
8, 16, 25
9, 16, 25
10, 16, 25
11, 16, 25
12, 16, 25
13, 16, 25
14, 16, 25
15, 16, 25
16, 16, 25
17, 16, 25
21, 16, 25
46, 16, 25
21, 16, 26
46, 16, 26
21, 16, 27
46, 16, 27
21, 16, 28
46, 16, 28
21, 16, 29
46, 16, 29
21, 16, 30
46, 16, 30
22, 16, 31
46, 16, 31
22, 16, 32
45, 16, 32
22, 16, 33
45, 16, 33
23, 16, 34
44, 16, 34
24, 16, 35
43, 16, 35
25, 16, 36
42, 16, 36
26, 16, 37
41, 16, 37
27, 16, 38
28, 16, 38
29, 16, 38
38, 16, 38
39, 16, 38
40, 16, 38
30, 16, 39
31, 16, 39
32, 16, 39
33, 16, 39
34, 16, 39
35, 16, 39
36, 16, 39
37, 16, 39
9, 17, 0
10, 17, 0
11, 17, 0
12, 17, 0
13, 17, 0
14, 17, 0
15, 17, 0
7, 17, 1
8, 17, 1
16, 17, 1
17, 17, 1
18, 17, 1
5, 17, 2
6, 17, 2
19, 17, 2
20, 17, 2
4, 17, 3
21, 17, 3
3, 17, 4
22, 17, 4
2, 17, 5
23, 17, 5
2, 17, 6
24, 17, 6
1, 17, 7
24, 17, 7
1, 17, 8
25, 17, 8
0, 17, 9
25, 17, 9
0, 17, 10
25, 17, 10
0, 17, 11
25, 17, 11
0, 17, 12
26, 17, 12
0, 17, 13
25, 17, 13
0, 17, 14
25, 17, 14
0, 17, 15
25, 17, 15
29, 17, 15
30, 17, 15
31, 17, 15
32, 17, 15
33, 17, 15
34, 17, 15
35, 17, 15
36, 17, 15
37, 17, 15
38, 17, 15
0, 17, 16
25, 17, 16
27, 17, 16
28, 17, 16
39, 17, 16
40, 17, 16
0, 17, 17
26, 17, 17
41, 17, 17
1, 17, 18
42, 17, 18
1, 17, 19
43, 17, 19
2, 17, 20
44, 17, 20
2, 17, 21
45, 17, 21
3, 17, 22
45, 17, 22
4, 17, 23
5, 17, 23
20, 17, 23
45, 17, 23
6, 17, 24
7, 17, 24
18, 17, 24
19, 17, 24
21, 17, 24
46, 17, 24
8, 17, 25
9, 17, 25
10, 17, 25
11, 17, 25
12, 17, 25
13, 17, 25
14, 17, 25
15, 17, 25
16, 17, 25
17, 17, 25
21, 17, 25
46, 17, 25
21, 17, 26
46, 17, 26
21, 17, 27
46, 17, 27
21, 17, 28
46, 17, 28
21, 17, 29
46, 17, 29
22, 17, 30
46, 17, 30
22, 17, 31
45, 17, 31
22, 17, 32
45, 17, 32
23, 17, 33
44, 17, 33
24, 17, 34
43, 17, 34
44, 17, 34
24, 17, 35
43, 17, 35
25, 17, 36
26, 17, 36
41, 17, 36
42, 17, 36
27, 17, 37
28, 17, 37
39, 17, 37
40, 17, 37
29, 17, 38
30, 17, 38
31, 17, 38
32, 17, 38
33, 17, 38
34, 17, 38
35, 17, 38
36, 17, 38
37, 17, 38
38, 17, 38
9, 18, 0
10, 18, 0
11, 18, 0
12, 18, 0
13, 18, 0
14, 18, 0
15, 18, 0
6, 18, 1
7, 18, 1
8, 18, 1
16, 18, 1
17, 18, 1
18, 18, 1
5, 18, 2
19, 18, 2
20, 18, 2
4, 18, 3
21, 18, 3
3, 18, 4
22, 18, 4
2, 18, 5
23, 18, 5
1, 18, 6
24, 18, 6
1, 18, 7
24, 18, 7
1, 18, 8
25, 18, 8
0, 18, 9
25, 18, 9
0, 18, 10
25, 18, 10
0, 18, 11
26, 18, 11
0, 18, 12
26, 18, 12
0, 18, 13
26, 18, 13
0, 18, 14
26, 18, 14
0, 18, 15
26, 18, 15
30, 18, 15
31, 18, 15
32, 18, 15
33, 18, 15
34, 18, 15
35, 18, 15
36, 18, 15
37, 18, 15
0, 18, 16
25, 18, 16
28, 18, 16
29, 18, 16
38, 18, 16
39, 18, 16
0, 18, 17
26, 18, 17
27, 18, 17
40, 18, 17
41, 18, 17
0, 18, 18
42, 18, 18
1, 18, 19
43, 18, 19
2, 18, 20
43, 18, 20
2, 18, 21
44, 18, 21
3, 18, 22
45, 18, 22
4, 18, 23
5, 18, 23
20, 18, 23
21, 18, 23
22, 18, 23
45, 18, 23
6, 18, 24
7, 18, 24
18, 18, 24
19, 18, 24
22, 18, 24
45, 18, 24
8, 18, 25
9, 18, 25
10, 18, 25
11, 18, 25
12, 18, 25
13, 18, 25
14, 18, 25
15, 18, 25
16, 18, 25
17, 18, 25
22, 18, 25
45, 18, 25
22, 18, 26
45, 18, 26
22, 18, 27
45, 18, 27
22, 18, 28
45, 18, 28
22, 18, 29
45, 18, 29
22, 18, 30
45, 18, 30
23, 18, 31
32, 18, 31
33, 18, 31
34, 18, 31
35, 18, 31
45, 18, 31
23, 18, 32
33, 18, 32
34, 18, 32
35, 18, 32
44, 18, 32
24, 18, 33
43, 18, 33
25, 18, 34
42, 18, 34
25, 18, 35
26, 18, 35
27, 18, 35
41, 18, 35
42, 18, 35
27, 18, 36
28, 18, 36
29, 18, 36
39, 18, 36
40, 18, 36
28, 18, 37
29, 18, 37
30, 18, 37
31, 18, 37
32, 18, 37
33, 18, 37
34, 18, 37
35, 18, 37
36, 18, 37
37, 18, 37
38, 18, 37
32, 18, 38
33, 18, 38
34, 18, 38
8, 19, 0
9, 19, 0
10, 19, 0
11, 19, 0
12, 19, 0
13, 19, 0
14, 19, 0
15, 19, 0
16, 19, 0
6, 19, 1
7, 19, 1
17, 19, 1
18, 19, 1
5, 19, 2
19, 19, 2
20, 19, 2
4, 19, 3
21, 19, 3
3, 19, 4
22, 19, 4
2, 19, 5
23, 19, 5
1, 19, 6
24, 19, 6
1, 19, 7
24, 19, 7
0, 19, 8
25, 19, 8
0, 19, 9
25, 19, 9
0, 19, 10
25, 19, 10
0, 19, 11
26, 19, 11
0, 19, 12
26, 19, 12
0, 19, 13
26, 19, 13
0, 19, 14
26, 19, 14
0, 19, 15
26, 19, 15
33, 19, 15
34, 19, 15
0, 19, 16
25, 19, 16
29, 19, 16
30, 19, 16
31, 19, 16
32, 19, 16
35, 19, 16
36, 19, 16
37, 19, 16
38, 19, 16
0, 19, 17
25, 19, 17
27, 19, 17
28, 19, 17
39, 19, 17
40, 19, 17
0, 19, 18
26, 19, 18
41, 19, 18
1, 19, 19
25, 19, 19
42, 19, 19
2, 19, 20
43, 19, 20
2, 19, 21
24, 19, 21
43, 19, 21
44, 19, 21
3, 19, 22
22, 19, 22
23, 19, 22
44, 19, 22
4, 19, 23
5, 19, 23
20, 19, 23
21, 19, 23
23, 19, 23
44, 19, 23
6, 19, 24
7, 19, 24
18, 19, 24
19, 19, 24
23, 19, 24
44, 19, 24
8, 19, 25
9, 19, 25
10, 19, 25
11, 19, 25
12, 19, 25
13, 19, 25
14, 19, 25
15, 19, 25
16, 19, 25
17, 19, 25
23, 19, 25
45, 19, 25
22, 19, 26
45, 19, 26
22, 19, 27
23, 19, 27
32, 19, 27
45, 19, 27
23, 19, 28
31, 19, 28
36, 19, 28
44, 19, 28
23, 19, 29
30, 19, 29
31, 19, 29
36, 19, 29
37, 19, 29
44, 19, 29
23, 19, 30
30, 19, 30
31, 19, 30
32, 19, 30
33, 19, 30
34, 19, 30
35, 19, 30
36, 19, 30
37, 19, 30
44, 19, 30
24, 19, 31
30, 19, 31
31, 19, 31
36, 19, 31
37, 19, 31
38, 19, 31
43, 19, 31
44, 19, 31
24, 19, 32
25, 19, 32
29, 19, 32
30, 19, 32
31, 19, 32
32, 19, 32
36, 19, 32
37, 19, 32
38, 19, 32
42, 19, 32
43, 19, 32
25, 19, 33
26, 19, 33
28, 19, 33
29, 19, 33
30, 19, 33
31, 19, 33
32, 19, 33
33, 19, 33
34, 19, 33
35, 19, 33
36, 19, 33
37, 19, 33
38, 19, 33
39, 19, 33
41, 19, 33
42, 19, 33
26, 19, 34
27, 19, 34
28, 19, 34
29, 19, 34
30, 19, 34
31, 19, 34
32, 19, 34
33, 19, 34
34, 19, 34
35, 19, 34
36, 19, 34
37, 19, 34
38, 19, 34
39, 19, 34
40, 19, 34
41, 19, 34
28, 19, 35
29, 19, 35
30, 19, 35
31, 19, 35
32, 19, 35
33, 19, 35
34, 19, 35
35, 19, 35
36, 19, 35
37, 19, 35
38, 19, 35
39, 19, 35
40, 19, 35
30, 19, 36
31, 19, 36
32, 19, 36
33, 19, 36
34, 19, 36
35, 19, 36
36, 19, 36
37, 19, 36
38, 19, 36
8, 20, 0
9, 20, 0
10, 20, 0
11, 20, 0
12, 20, 0
13, 20, 0
14, 20, 0
15, 20, 0
16, 20, 0
6, 20, 1
7, 20, 1
17, 20, 1
18, 20, 1
5, 20, 2
19, 20, 2
20, 20, 2
4, 20, 3
21, 20, 3
3, 20, 4
22, 20, 4
2, 20, 5
23, 20, 5
1, 20, 6
24, 20, 6
1, 20, 7
24, 20, 7
0, 20, 8
25, 20, 8
0, 20, 9
25, 20, 9
0, 20, 10
25, 20, 10
0, 20, 11
26, 20, 11
0, 20, 12
26, 20, 12
0, 20, 13
26, 20, 13
0, 20, 14
26, 20, 14
0, 20, 15
26, 20, 15
0, 20, 16
25, 20, 16
31, 20, 16
32, 20, 16
33, 20, 16
34, 20, 16
35, 20, 16
36, 20, 16
0, 20, 17
25, 20, 17
29, 20, 17
30, 20, 17
37, 20, 17
38, 20, 17
1, 20, 18
25, 20, 18
27, 20, 18
28, 20, 18
39, 20, 18
40, 20, 18
1, 20, 19
24, 20, 19
26, 20, 19
27, 20, 19
40, 20, 19
41, 20, 19
2, 20, 20
24, 20, 20
25, 20, 20
26, 20, 20
41, 20, 20
42, 20, 20
2, 20, 21
23, 20, 21
25, 20, 21
42, 20, 21
3, 20, 22
4, 20, 22
22, 20, 22
24, 20, 22
43, 20, 22
5, 20, 23
20, 20, 23
21, 20, 23
24, 20, 23
43, 20, 23
6, 20, 24
7, 20, 24
8, 20, 24
16, 20, 24
17, 20, 24
18, 20, 24
19, 20, 24
23, 20, 24
24, 20, 24
43, 20, 24
44, 20, 24
9, 20, 25
10, 20, 25
11, 20, 25
12, 20, 25
13, 20, 25
14, 20, 25
15, 20, 25
23, 20, 25
24, 20, 25
43, 20, 25
44, 20, 25
23, 20, 26
24, 20, 26
32, 20, 26
33, 20, 26
34, 20, 26
35, 20, 26
43, 20, 26
44, 20, 26
24, 20, 27
30, 20, 27
31, 20, 27
33, 20, 27
36, 20, 27
37, 20, 27
43, 20, 27
44, 20, 27
24, 20, 28
25, 20, 28
29, 20, 28
30, 20, 28
32, 20, 28
35, 20, 28
37, 20, 28
38, 20, 28
43, 20, 28
24, 20, 29
25, 20, 29
27, 20, 29
28, 20, 29
29, 20, 29
32, 20, 29
35, 20, 29
38, 20, 29
39, 20, 29
40, 20, 29
42, 20, 29
43, 20, 29
24, 20, 30
25, 20, 30
26, 20, 30
27, 20, 30
28, 20, 30
29, 20, 30
33, 20, 30
34, 20, 30
38, 20, 30
39, 20, 30
40, 20, 30
41, 20, 30
42, 20, 30
43, 20, 30
25, 20, 31
26, 20, 31
27, 20, 31
28, 20, 31
29, 20, 31
39, 20, 31
40, 20, 31
41, 20, 31
42, 20, 31
26, 20, 32
27, 20, 32
28, 20, 32
39, 20, 32
40, 20, 32
41, 20, 32
27, 20, 33
40, 20, 33
9, 21, 0
10, 21, 0
11, 21, 0
12, 21, 0
13, 21, 0
14, 21, 0
15, 21, 0
6, 21, 1
7, 21, 1
8, 21, 1
16, 21, 1
17, 21, 1
18, 21, 1
5, 21, 2
19, 21, 2
20, 21, 2
4, 21, 3
21, 21, 3
3, 21, 4
22, 21, 4
2, 21, 5
23, 21, 5
1, 21, 6
24, 21, 6
1, 21, 7
24, 21, 7
0, 21, 8
25, 21, 8
0, 21, 9
25, 21, 9
0, 21, 10
25, 21, 10
0, 21, 11
26, 21, 11
0, 21, 12
26, 21, 12
0, 21, 13
26, 21, 13
0, 21, 14
26, 21, 14
0, 21, 15
26, 21, 15
0, 21, 16
25, 21, 16
0, 21, 17
25, 21, 17
31, 21, 17
32, 21, 17
33, 21, 17
34, 21, 17
35, 21, 17
36, 21, 17
1, 21, 18
25, 21, 18
29, 21, 18
30, 21, 18
31, 21, 18
32, 21, 18
33, 21, 18
34, 21, 18
35, 21, 18
36, 21, 18
37, 21, 18
38, 21, 18
1, 21, 19
24, 21, 19
28, 21, 19
29, 21, 19
37, 21, 19
38, 21, 19
39, 21, 19
2, 21, 20
23, 21, 20
27, 21, 20
28, 21, 20
39, 21, 20
40, 21, 20
3, 21, 21
22, 21, 21
23, 21, 21
26, 21, 21
27, 21, 21
40, 21, 21
41, 21, 21
4, 21, 22
21, 21, 22
25, 21, 22
26, 21, 22
27, 21, 22
40, 21, 22
41, 21, 22
42, 21, 22
5, 21, 23
6, 21, 23
18, 21, 23
19, 21, 23
20, 21, 23
25, 21, 23
26, 21, 23
41, 21, 23
42, 21, 23
7, 21, 24
8, 21, 24
9, 21, 24
10, 21, 24
11, 21, 24
12, 21, 24
13, 21, 24
14, 21, 24
15, 21, 24
16, 21, 24
17, 21, 24
25, 21, 24
26, 21, 24
41, 21, 24
42, 21, 24
25, 21, 25
26, 21, 25
27, 21, 25
30, 21, 25
31, 21, 25
32, 21, 25
33, 21, 25
34, 21, 25
35, 21, 25
36, 21, 25
37, 21, 25
40, 21, 25
41, 21, 25
42, 21, 25
25, 21, 26
26, 21, 26
27, 21, 26
28, 21, 26
29, 21, 26
30, 21, 26
31, 21, 26
36, 21, 26
37, 21, 26
38, 21, 26
39, 21, 26
40, 21, 26
41, 21, 26
42, 21, 26
25, 21, 27
26, 21, 27
27, 21, 27
28, 21, 27
29, 21, 27
33, 21, 27
34, 21, 27
35, 21, 27
38, 21, 27
39, 21, 27
40, 21, 27
41, 21, 27
42, 21, 27
26, 21, 28
27, 21, 28
28, 21, 28
33, 21, 28
35, 21, 28
39, 21, 28
40, 21, 28
41, 21, 28
42, 21, 28
26, 21, 29
33, 21, 29
34, 21, 29
35, 21, 29
41, 21, 29
10, 22, 0
11, 22, 0
12, 22, 0
13, 22, 0
14, 22, 0
15, 22, 0
7, 22, 1
8, 22, 1
9, 22, 1
16, 22, 1
17, 22, 1
18, 22, 1
5, 22, 2
6, 22, 2
19, 22, 2
4, 22, 3
20, 22, 3
21, 22, 3
3, 22, 4
22, 22, 4
2, 22, 5
23, 22, 5
2, 22, 6
24, 22, 6
1, 22, 7
24, 22, 7
1, 22, 8
25, 22, 8
0, 22, 9
25, 22, 9
0, 22, 10
25, 22, 10
0, 22, 11
25, 22, 11
0, 22, 12
25, 22, 12
0, 22, 13
25, 22, 13
0, 22, 14
25, 22, 14
0, 22, 15
25, 22, 15
0, 22, 16
25, 22, 16
1, 22, 17
25, 22, 17
1, 22, 18
24, 22, 18
2, 22, 19
24, 22, 19
30, 22, 19
31, 22, 19
32, 22, 19
33, 22, 19
34, 22, 19
35, 22, 19
36, 22, 19
2, 22, 20
23, 22, 20
29, 22, 20
30, 22, 20
31, 22, 20
32, 22, 20
33, 22, 20
34, 22, 20
35, 22, 20
36, 22, 20
37, 22, 20
38, 22, 20
3, 22, 21
21, 22, 21
22, 22, 21
28, 22, 21
29, 22, 21
30, 22, 21
31, 22, 21
32, 22, 21
33, 22, 21
34, 22, 21
35, 22, 21
36, 22, 21
37, 22, 21
38, 22, 21
39, 22, 21
4, 22, 22
5, 22, 22
19, 22, 22
20, 22, 22
28, 22, 22
29, 22, 22
30, 22, 22
31, 22, 22
32, 22, 22
33, 22, 22
34, 22, 22
35, 22, 22
36, 22, 22
37, 22, 22
38, 22, 22
39, 22, 22
6, 22, 23
7, 22, 23
8, 22, 23
9, 22, 23
10, 22, 23
11, 22, 23
12, 22, 23
13, 22, 23
14, 22, 23
15, 22, 23
16, 22, 23
17, 22, 23
18, 22, 23
27, 22, 23
28, 22, 23
29, 22, 23
30, 22, 23
31, 22, 23
32, 22, 23
33, 22, 23
34, 22, 23
35, 22, 23
36, 22, 23
37, 22, 23
38, 22, 23
39, 22, 23
40, 22, 23
10, 22, 24
11, 22, 24
12, 22, 24
13, 22, 24
14, 22, 24
27, 22, 24
28, 22, 24
29, 22, 24
30, 22, 24
31, 22, 24
32, 22, 24
33, 22, 24
34, 22, 24
35, 22, 24
36, 22, 24
37, 22, 24
38, 22, 24
39, 22, 24
40, 22, 24
28, 22, 25
29, 22, 25
38, 22, 25
39, 22, 25
34, 22, 27
35, 22, 27
36, 22, 27
33, 22, 28
36, 22, 28
34, 22, 29
35, 22, 29
10, 23, 0
11, 23, 0
12, 23, 0
13, 23, 0
14, 23, 0
7, 23, 1
8, 23, 1
9, 23, 1
15, 23, 1
16, 23, 1
17, 23, 1
6, 23, 2
18, 23, 2
19, 23, 2
4, 23, 3
5, 23, 3
20, 23, 3
21, 23, 3
3, 23, 4
22, 23, 4
3, 23, 5
23, 23, 5
2, 23, 6
23, 23, 6
1, 23, 7
24, 23, 7
1, 23, 8
24, 23, 8
1, 23, 9
25, 23, 9
0, 23, 10
25, 23, 10
0, 23, 11
25, 23, 11
0, 23, 12
25, 23, 12
0, 23, 13
25, 23, 13
0, 23, 14
25, 23, 14
0, 23, 15
25, 23, 15
0, 23, 16
25, 23, 16
1, 23, 17
24, 23, 17
1, 23, 18
24, 23, 18
2, 23, 19
11, 23, 19
12, 23, 19
13, 23, 19
14, 23, 19
23, 23, 19
3, 23, 20
11, 23, 20
12, 23, 20
13, 23, 20
14, 23, 20
15, 23, 20
22, 23, 20
4, 23, 21
5, 23, 21
9, 23, 21
10, 23, 21
11, 23, 21
12, 23, 21
13, 23, 21
14, 23, 21
15, 23, 21
16, 23, 21
20, 23, 21
21, 23, 21
6, 23, 22
7, 23, 22
8, 23, 22
9, 23, 22
10, 23, 22
11, 23, 22
12, 23, 22
13, 23, 22
14, 23, 22
15, 23, 22
16, 23, 22
17, 23, 22
18, 23, 22
19, 23, 22
8, 23, 23
9, 23, 23
35, 23, 26
34, 23, 27
36, 23, 27
34, 23, 28
35, 23, 28
36, 23, 28
8, 24, 1
9, 24, 1
10, 24, 1
11, 24, 1
12, 24, 1
13, 24, 1
14, 24, 1
15, 24, 1
16, 24, 1
17, 24, 1
6, 24, 2
7, 24, 2
18, 24, 2
19, 24, 2
5, 24, 3
20, 24, 3
4, 24, 4
21, 24, 4
3, 24, 5
22, 24, 5
2, 24, 6
23, 24, 6
1, 24, 7
24, 24, 7
1, 24, 8
24, 24, 8
1, 24, 9
24, 24, 9
1, 24, 10
25, 24, 10
0, 24, 11
25, 24, 11
0, 24, 12
25, 24, 12
0, 24, 13
25, 24, 13
1, 24, 14
25, 24, 14
1, 24, 15
25, 24, 15
1, 24, 16
24, 24, 16
1, 24, 17
24, 24, 17
2, 24, 18
10, 24, 18
11, 24, 18
12, 24, 18
13, 24, 18
14, 24, 18
23, 24, 18
3, 24, 19
9, 24, 19
10, 24, 19
15, 24, 19
16, 24, 19
22, 24, 19
4, 24, 20
7, 24, 20
8, 24, 20
9, 24, 20
10, 24, 20
16, 24, 20
17, 24, 20
18, 24, 20
20, 24, 20
21, 24, 20
5, 24, 21
6, 24, 21
7, 24, 21
8, 24, 21
17, 24, 21
18, 24, 21
19, 24, 21
35, 24, 26
36, 24, 26
34, 24, 27
36, 24, 27
34, 24, 28
35, 24, 28
36, 24, 28
9, 25, 1
10, 25, 1
11, 25, 1
12, 25, 1
13, 25, 1
14, 25, 1
15, 25, 1
16, 25, 1
7, 25, 2
8, 25, 2
17, 25, 2
18, 25, 2
5, 25, 3
6, 25, 3
19, 25, 3
20, 25, 3
4, 25, 4
21, 25, 4
3, 25, 5
22, 25, 5
3, 25, 6
22, 25, 6
2, 25, 7
23, 25, 7
2, 25, 8
24, 25, 8
1, 25, 9
24, 25, 9
1, 25, 10
24, 25, 10
1, 25, 11
24, 25, 11
1, 25, 12
24, 25, 12
1, 25, 13
24, 25, 13
1, 25, 14
24, 25, 14
1, 25, 15
24, 25, 15
2, 25, 16
11, 25, 16
24, 25, 16
2, 25, 17
9, 25, 17
10, 25, 17
11, 25, 17
16, 25, 17
23, 25, 17
3, 25, 18
8, 25, 18
9, 25, 18
11, 25, 18
12, 25, 18
13, 25, 18
14, 25, 18
15, 25, 18
16, 25, 18
17, 25, 18
18, 25, 18
22, 25, 18
4, 25, 19
5, 25, 19
6, 25, 19
7, 25, 19
8, 25, 19
17, 25, 19
18, 25, 19
19, 25, 19
20, 25, 19
21, 25, 19
5, 25, 20
6, 25, 20
19, 25, 20
35, 25, 26
36, 25, 26
34, 25, 27
36, 25, 27
35, 25, 28
36, 25, 28
11, 26, 1
12, 26, 1
13, 26, 1
14, 26, 1
8, 26, 2
9, 26, 2
10, 26, 2
15, 26, 2
16, 26, 2
17, 26, 2
6, 26, 3
7, 26, 3
18, 26, 3
19, 26, 3
5, 26, 4
20, 26, 4
4, 26, 5
21, 26, 5
3, 26, 6
22, 26, 6
3, 26, 7
23, 26, 7
2, 26, 8
23, 26, 8
2, 26, 9
23, 26, 9
2, 26, 10
24, 26, 10
1, 26, 11
24, 26, 11
1, 26, 12
24, 26, 12
2, 26, 13
24, 26, 13
2, 26, 14
24, 26, 14
2, 26, 15
11, 26, 15
12, 26, 15
13, 26, 15
14, 26, 15
23, 26, 15
3, 26, 16
9, 26, 16
10, 26, 16
12, 26, 16
15, 26, 16
16, 26, 16
22, 26, 16
23, 26, 16
3, 26, 17
4, 26, 17
7, 26, 17
8, 26, 17
12, 26, 17
15, 26, 17
17, 26, 17
18, 26, 17
21, 26, 17
22, 26, 17
4, 26, 18
5, 26, 18
6, 26, 18
7, 26, 18
12, 26, 18
13, 26, 18
14, 26, 18
15, 26, 18
19, 26, 18
20, 26, 18
21, 26, 18
35, 26, 26
36, 26, 26
37, 26, 26
35, 26, 27
37, 26, 27
35, 26, 28
36, 26, 28
10, 27, 2
11, 27, 2
12, 27, 2
13, 27, 2
14, 27, 2
15, 27, 2
16, 27, 2
7, 27, 3
8, 27, 3
9, 27, 3
17, 27, 3
18, 27, 3
6, 27, 4
19, 27, 4
20, 27, 4
5, 27, 5
20, 27, 5
4, 27, 6
21, 27, 6
3, 27, 7
22, 27, 7
3, 27, 8
22, 27, 8
3, 27, 9
23, 27, 9
2, 27, 10
23, 27, 10
2, 27, 11
23, 27, 11
2, 27, 12
23, 27, 12
2, 27, 13
3, 27, 13
23, 27, 13
3, 27, 14
11, 27, 14
12, 27, 14
13, 27, 14
14, 27, 14
22, 27, 14
23, 27, 14
3, 27, 15
4, 27, 15
9, 27, 15
10, 27, 15
15, 27, 15
16, 27, 15
22, 27, 15
4, 27, 16
5, 27, 16
6, 27, 16
7, 27, 16
8, 27, 16
13, 27, 16
14, 27, 16
17, 27, 16
18, 27, 16
19, 27, 16
20, 27, 16
21, 27, 16
5, 27, 17
6, 27, 17
13, 27, 17
15, 27, 17
16, 27, 17
19, 27, 17
20, 27, 17
13, 27, 18
16, 27, 18
14, 27, 19
15, 27, 19
16, 27, 19
36, 27, 25
37, 27, 25
35, 27, 26
37, 27, 26
35, 27, 27
36, 27, 27
37, 27, 27
13, 28, 2
9, 28, 3
10, 28, 3
11, 28, 3
12, 28, 3
14, 28, 3
15, 28, 3
16, 28, 3
7, 28, 4
8, 28, 4
17, 28, 4
18, 28, 4
6, 28, 5
19, 28, 5
20, 28, 5
5, 28, 6
20, 28, 6
4, 28, 7
21, 28, 7
4, 28, 8
21, 28, 8
3, 28, 9
4, 28, 9
22, 28, 9
3, 28, 10
4, 28, 10
22, 28, 10
3, 28, 11
4, 28, 11
22, 28, 11
3, 28, 12
4, 28, 12
22, 28, 12
4, 28, 13
21, 28, 13
22, 28, 13
4, 28, 14
5, 28, 14
10, 28, 14
11, 28, 14
12, 28, 14
13, 28, 14
14, 28, 14
15, 28, 14
16, 28, 14
20, 28, 14
21, 28, 14
5, 28, 15
6, 28, 15
7, 28, 15
8, 28, 15
9, 28, 15
17, 28, 15
18, 28, 15
19, 28, 15
20, 28, 15
21, 28, 15
14, 28, 17
15, 28, 17
16, 28, 17
14, 28, 18
17, 28, 18
14, 28, 19
15, 28, 19
16, 28, 19
17, 28, 19
36, 28, 25
37, 28, 25
36, 28, 26
37, 28, 26
36, 28, 27
37, 28, 27
12, 29, 3
13, 29, 3
9, 29, 4
10, 29, 4
11, 29, 4
12, 29, 4
13, 29, 4
14, 29, 4
15, 29, 4
16, 29, 4
17, 29, 4
7, 29, 5
8, 29, 5
9, 29, 5
17, 29, 5
18, 29, 5
6, 29, 6
7, 29, 6
18, 29, 6
19, 29, 6
5, 29, 7
6, 29, 7
19, 29, 7
20, 29, 7
5, 29, 8
6, 29, 8
20, 29, 8
5, 29, 9
20, 29, 9
21, 29, 9
5, 29, 10
6, 29, 10
20, 29, 10
21, 29, 10
5, 29, 11
6, 29, 11
20, 29, 11
21, 29, 11
5, 29, 12
6, 29, 12
7, 29, 12
19, 29, 12
20, 29, 12
21, 29, 12
5, 29, 13
6, 29, 13
7, 29, 13
8, 29, 13
10, 29, 13
11, 29, 13
12, 29, 13
13, 29, 13
14, 29, 13
15, 29, 13
18, 29, 13
19, 29, 13
20, 29, 13
6, 29, 14
7, 29, 14
8, 29, 14
9, 29, 14
16, 29, 14
17, 29, 14
18, 29, 14
19, 29, 14
15, 29, 17
16, 29, 17
15, 29, 18
17, 29, 18
15, 29, 19
18, 29, 19
16, 29, 20
17, 29, 20
18, 29, 20
36, 29, 25
37, 29, 25
38, 29, 25
36, 29, 26
38, 29, 26
36, 29, 27
37, 29, 27
10, 30, 5
11, 30, 5
12, 30, 5
13, 30, 5
14, 30, 5
15, 30, 5
16, 30, 5
8, 30, 6
9, 30, 6
10, 30, 6
11, 30, 6
12, 30, 6
13, 30, 6
14, 30, 6
15, 30, 6
16, 30, 6
17, 30, 6
7, 30, 7
8, 30, 7
9, 30, 7
16, 30, 7
17, 30, 7
18, 30, 7
7, 30, 8
8, 30, 8
9, 30, 8
17, 30, 8
18, 30, 8
19, 30, 8
6, 30, 9
7, 30, 9
8, 30, 9
9, 30, 9
17, 30, 9
18, 30, 9
19, 30, 9
7, 30, 10
8, 30, 10
9, 30, 10
17, 30, 10
18, 30, 10
19, 30, 10
7, 30, 11
8, 30, 11
9, 30, 11
10, 30, 11
11, 30, 11
15, 30, 11
16, 30, 11
17, 30, 11
18, 30, 11
19, 30, 11
8, 30, 12
9, 30, 12
10, 30, 12
11, 30, 12
12, 30, 12
13, 30, 12
14, 30, 12
15, 30, 12
16, 30, 12
17, 30, 12
18, 30, 12
9, 30, 13
16, 30, 13
17, 30, 13
15, 30, 18
16, 30, 18
17, 30, 18
15, 30, 19
18, 30, 19
19, 30, 19
16, 30, 20
17, 30, 20
18, 30, 20
19, 30, 20
38, 30, 24
37, 30, 25
39, 30, 25
36, 30, 26
37, 30, 26
38, 30, 26
10, 31, 7
11, 31, 7
12, 31, 7
13, 31, 7
14, 31, 7
15, 31, 7
10, 31, 8
11, 31, 8
12, 31, 8
13, 31, 8
14, 31, 8
15, 31, 8
16, 31, 8
10, 31, 9
11, 31, 9
12, 31, 9
13, 31, 9
14, 31, 9
15, 31, 9
16, 31, 9
10, 31, 10
11, 31, 10
12, 31, 10
13, 31, 10
14, 31, 10
15, 31, 10
16, 31, 10
12, 31, 11
13, 31, 11
14, 31, 11
16, 31, 19
17, 31, 19
18, 31, 19
19, 31, 19
16, 31, 20
17, 31, 20
20, 31, 20
18, 31, 21
19, 31, 21
38, 31, 24
39, 31, 24
37, 31, 25
39, 31, 25
37, 31, 26
38, 31, 26
39, 31, 26
17, 32, 19
18, 32, 19
19, 32, 19
20, 32, 19
17, 32, 20
21, 32, 20
18, 32, 21
19, 32, 21
20, 32, 21
21, 32, 21
38, 32, 24
39, 32, 24
40, 32, 24
38, 32, 25
39, 32, 25
40, 32, 25
19, 33, 19
20, 33, 19
18, 33, 20
19, 33, 20
21, 33, 20
22, 33, 20
19, 33, 21
20, 33, 21
22, 33, 21
21, 33, 22
22, 33, 22
40, 33, 23
41, 33, 23
38, 33, 24
39, 33, 24
41, 33, 24
38, 33, 25
39, 33, 25
40, 33, 25
41, 33, 25
20, 34, 20
21, 34, 20
22, 34, 20
23, 34, 20
20, 34, 21
23, 34, 21
24, 34, 21
21, 34, 22
22, 34, 22
23, 34, 22
24, 34, 22
40, 34, 23
41, 34, 23
42, 34, 23
39, 34, 24
42, 34, 24
39, 34, 25
40, 34, 25
41, 34, 25
21, 35, 20
22, 35, 20
23, 35, 20
21, 35, 21
22, 35, 21
24, 35, 21
25, 35, 21
26, 35, 21
22, 35, 22
23, 35, 22
24, 35, 22
25, 35, 22
26, 35, 22
27, 35, 22
40, 35, 23
41, 35, 23
42, 35, 23
43, 35, 23
40, 35, 24
42, 35, 24
43, 35, 24
41, 35, 25
23, 36, 21
24, 36, 21
25, 36, 21
26, 36, 21
27, 36, 21
28, 36, 21
29, 36, 21
23, 36, 22
24, 36, 22
25, 36, 22
28, 36, 22
29, 36, 22
30, 36, 22
43, 36, 22
44, 36, 22
26, 36, 23
27, 36, 23
28, 36, 23
29, 36, 23
30, 36, 23
41, 36, 23
42, 36, 23
44, 36, 23
41, 36, 24
42, 36, 24
43, 36, 24
44, 36, 24
25, 37, 21
26, 37, 21
27, 37, 21
28, 37, 21
29, 37, 21
30, 37, 21
31, 37, 21
32, 37, 21
33, 37, 21
25, 37, 22
26, 37, 22
27, 37, 22
31, 37, 22
32, 37, 22
33, 37, 22
34, 37, 22
35, 37, 22
36, 37, 22
43, 37, 22
44, 37, 22
45, 37, 22
46, 37, 22
27, 37, 23
28, 37, 23
29, 37, 23
30, 37, 23
31, 37, 23
32, 37, 23
33, 37, 23
34, 37, 23
35, 37, 23
36, 37, 23
42, 37, 23
45, 37, 23
46, 37, 23
42, 37, 24
43, 37, 24
44, 37, 24
45, 37, 24
29, 38, 21
30, 38, 21
31, 38, 21
32, 38, 21
33, 38, 21
34, 38, 21
35, 38, 21
36, 38, 21
37, 38, 21
38, 38, 21
39, 38, 21
40, 38, 21
41, 38, 21
42, 38, 21
43, 38, 21
44, 38, 21
45, 38, 21
46, 38, 21
47, 38, 21
48, 38, 21
49, 38, 21
28, 38, 22
29, 38, 22
30, 38, 22
31, 38, 22
37, 38, 22
38, 38, 22
39, 38, 22
40, 38, 22
41, 38, 22
42, 38, 22
47, 38, 22
48, 38, 22
49, 38, 22
29, 38, 23
30, 38, 23
31, 38, 23
32, 38, 23
33, 38, 23
34, 38, 23
35, 38, 23
36, 38, 23
37, 38, 23
38, 38, 23
39, 38, 23
40, 38, 23
41, 38, 23
42, 38, 23
43, 38, 23
46, 38, 23
47, 38, 23
44, 38, 24
45, 38, 24
44, 39, 20
45, 39, 20
46, 39, 20
47, 39, 20
48, 39, 20
49, 39, 20
34, 39, 21
35, 39, 21
36, 39, 21
37, 39, 21
38, 39, 21
39, 39, 21
40, 39, 21
41, 39, 21
42, 39, 21
43, 39, 21
49, 39, 21
32, 39, 22
33, 39, 22
34, 39, 22
35, 39, 22
36, 39, 22
49, 39, 22
32, 39, 23
33, 39, 23
34, 39, 23
35, 39, 23
36, 39, 23
37, 39, 23
38, 39, 23
39, 39, 23
40, 39, 23
41, 39, 23
42, 39, 23
43, 39, 23
44, 39, 23
45, 39, 23
46, 39, 23
47, 39, 23
48, 39, 23
49, 39, 23
44, 40, 20
45, 40, 20
46, 40, 20
47, 40, 20
48, 40, 20
49, 40, 20
38, 40, 21
39, 40, 21
40, 40, 21
41, 40, 21
42, 40, 21
43, 40, 21
49, 40, 21
37, 40, 22
38, 40, 22
39, 40, 22
40, 40, 22
41, 40, 22
49, 40, 22
37, 40, 23
38, 40, 23
39, 40, 23
40, 40, 23
41, 40, 23
42, 40, 23
43, 40, 23
44, 40, 23
45, 40, 23
46, 40, 23
47, 40, 23
48, 40, 23
49, 40, 23
46, 41, 20
47, 41, 20
48, 41, 20
49, 41, 20
42, 41, 21
43, 41, 21
44, 41, 21
45, 41, 21
46, 41, 21
47, 41, 21
48, 41, 21
49, 41, 21
42, 41, 22
43, 41, 22
44, 41, 22
45, 41, 22
46, 41, 22
47, 41, 22
48, 41, 22
49, 41, 22
42, 41, 23
43, 41, 23
44, 41, 23
45, 41, 23
46, 41, 23
47, 41, 23
48, 41, 23