23, 0, 19
24, 0, 19
25, 0, 19
26, 0, 19
27, 0, 19
28, 0, 19
21, 0, 20
22, 0, 20
23, 0, 20
24, 0, 20
25, 0, 20
26, 0, 20
27, 0, 20
28, 0, 20
29, 0, 20
30, 0, 20
20, 0, 21
21, 0, 21
22, 0, 21
23, 0, 21
24, 0, 21
25, 0, 21
26, 0, 21
27, 0, 21
28, 0, 21
29, 0, 21
30, 0, 21
31, 0, 21
20, 0, 22
21, 0, 22
22, 0, 22
23, 0, 22
24, 0, 22
25, 0, 22
26, 0, 22
27, 0, 22
28, 0, 22
29, 0, 22
30, 0, 22
31, 0, 22
19, 0, 23
20, 0, 23
21, 0, 23
22, 0, 23
23, 0, 23
24, 0, 23
25, 0, 23
26, 0, 23
27, 0, 23
28, 0, 23
29, 0, 23
30, 0, 23
31, 0, 23
32, 0, 23
19, 0, 24
20, 0, 24
21, 0, 24
22, 0, 24
23, 0, 24
24, 0, 24
25, 0, 24
26, 0, 24
27, 0, 24
28, 0, 24
29, 0, 24
30, 0, 24
31, 0, 24
32, 0, 24
19, 0, 25
20, 0, 25
21, 0, 25
22, 0, 25
23, 0, 25
24, 0, 25
25, 0, 25
26, 0, 25
27, 0, 25
28, 0, 25
29, 0, 25
30, 0, 25
31, 0, 25
32, 0, 25
19, 0, 26
20, 0, 26
21, 0, 26
22, 0, 26
23, 0, 26
24, 0, 26
25, 0, 26
26, 0, 26
27, 0, 26
28, 0, 26
29, 0, 26
30, 0, 26
31, 0, 26
32, 0, 26
19, 0, 27
20, 0, 27
21, 0, 27
22, 0, 27
23, 0, 27
24, 0, 27
25, 0, 27
26, 0, 27
27, 0, 27
28, 0, 27
29, 0, 27
30, 0, 27
31, 0, 27
32, 0, 27
19, 0, 28
20, 0, 28
21, 0, 28
22, 0, 28
23, 0, 28
24, 0, 28
25, 0, 28
26, 0, 28
27, 0, 28
28, 0, 28
29, 0, 28
30, 0, 28
31, 0, 28
32, 0, 28
20, 0, 29
21, 0, 29
22, 0, 29
23, 0, 29
24, 0, 29
25, 0, 29
26, 0, 29
27, 0, 29
28, 0, 29
29, 0, 29
30, 0, 29
31, 0, 29
20, 0, 30
21, 0, 30
22, 0, 30
23, 0, 30
24, 0, 30
25, 0, 30
26, 0, 30
27, 0, 30
28, 0, 30
29, 0, 30
30, 0, 30
31, 0, 30
21, 0, 31
22, 0, 31
23, 0, 31
24, 0, 31
25, 0, 31
26, 0, 31
27, 0, 31
28, 0, 31
29, 0, 31
30, 0, 31
23, 0, 32
24, 0, 32
25, 0, 32
26, 0, 32
27, 0, 32
28, 0, 32
22, 1, 16
23, 1, 16
24, 1, 16
25, 1, 16
26, 1, 16
27, 1, 16
28, 1, 16
29, 1, 16
20, 1, 17
21, 1, 17
22, 1, 17
23, 1, 17
24, 1, 17
25, 1, 17
26, 1, 17
27, 1, 17
28, 1, 17
29, 1, 17
30, 1, 17
31, 1, 17
19, 1, 18
20, 1, 18
21, 1, 18
22, 1, 18
23, 1, 18
24, 1, 18
25, 1, 18
26, 1, 18
27, 1, 18
28, 1, 18
29, 1, 18
30, 1, 18
31, 1, 18
32, 1, 18
18, 1, 19
19, 1, 19
20, 1, 19
21, 1, 19
22, 1, 19
29, 1, 19
30, 1, 19
31, 1, 19
32, 1, 19
33, 1, 19
17, 1, 20
18, 1, 20
19, 1, 20
20, 1, 20
31, 1, 20
32, 1, 20
33, 1, 20
34, 1, 20
17, 1, 21
18, 1, 21
19, 1, 21
32, 1, 21
33, 1, 21
34, 1, 21
16, 1, 22
17, 1, 22
18, 1, 22
19, 1, 22
32, 1, 22
33, 1, 22
34, 1, 22
35, 1, 22
16, 1, 23
17, 1, 23
18, 1, 23
33, 1, 23
34, 1, 23
35, 1, 23
16, 1, 24
17, 1, 24
18, 1, 24
33, 1, 24
34, 1, 24
35, 1, 24
16, 1, 25
17, 1, 25
18, 1, 25
33, 1, 25
34, 1, 25
35, 1, 25
16, 1, 26
17, 1, 26
18, 1, 26
33, 1, 26
34, 1, 26
35, 1, 26
16, 1, 27
17, 1, 27
18, 1, 27
33, 1, 27
34, 1, 27
35, 1, 27
16, 1, 28
17, 1, 28
18, 1, 28
33, 1, 28
34, 1, 28
35, 1, 28
16, 1, 29
17, 1, 29
18, 1, 29
19, 1, 29
32, 1, 29
33, 1, 29
34, 1, 29
35, 1, 29
17, 1, 30
18, 1, 30
19, 1, 30
32, 1, 30
33, 1, 30
34, 1, 30
17, 1, 31
18, 1, 31
19, 1, 31
20, 1, 31
31, 1, 31
32, 1, 31
33, 1, 31
34, 1, 31
18, 1, 32
19, 1, 32
20, 1, 32
21, 1, 32
22, 1, 32
29, 1, 32
30, 1, 32
31, 1, 32
32, 1, 32
33, 1, 32
19, 1, 33
20, 1, 33
21, 1, 33
22, 1, 33
23, 1, 33
24, 1, 33
25, 1, 33
26, 1, 33
27, 1, 33
28, 1, 33
29, 1, 33
30, 1, 33
31, 1, 33
32, 1, 33
20, 1, 34
21, 1, 34
22, 1, 34
23, 1, 34
24, 1, 34
25, 1, 34
26, 1, 34
27, 1, 34
28, 1, 34
29, 1, 34
30, 1, 34
31, 1, 34
22, 1, 35
23, 1, 35
24, 1, 35
25, 1, 35
26, 1, 35
27, 1, 35
28, 1, 35
29, 1, 35
26, 2, 13
21, 2, 14
22, 2, 14
23, 2, 14
24, 2, 14
25, 2, 14
26, 2, 14
27, 2, 14
28, 2, 14
29, 2, 14
30, 2, 14
19, 2, 15
20, 2, 15
21, 2, 15
22, 2, 15
23, 2, 15
24, 2, 15
25, 2, 15
26, 2, 15
27, 2, 15
28, 2, 15
29, 2, 15
30, 2, 15
31, 2, 15
32, 2, 15
18, 2, 16
19, 2, 16
20, 2, 16
21, 2, 16
30, 2, 16
31, 2, 16
32, 2, 16
33, 2, 16
17, 2, 17
18, 2, 17
19, 2, 17
32, 2, 17
33, 2, 17
34, 2, 17
16, 2, 18
17, 2, 18
18, 2, 18
33, 2, 18
34, 2, 18
35, 2, 18
15, 2, 19
16, 2, 19
17, 2, 19
34, 2, 19
35, 2, 19
36, 2, 19
15, 2, 20
16, 2, 20
35, 2, 20
36, 2, 20
14, 2, 21
15, 2, 21
16, 2, 21
35, 2, 21
36, 2, 21
37, 2, 21
14, 2, 22
15, 2, 22
36, 2, 22
37, 2, 22
14, 2, 23
15, 2, 23
36, 2, 23
37, 2, 23
14, 2, 24
15, 2, 24
36, 2, 24
37, 2, 24
14, 2, 25
15, 2, 25
36, 2, 25
37, 2, 25
13, 2, 26
14, 2, 26
15, 2, 26
36, 2, 26
37, 2, 26
38, 2, 26
14, 2, 27
15, 2, 27
36, 2, 27
37, 2, 27
14, 2, 28
15, 2, 28
36, 2, 28
37, 2, 28
14, 2, 29
15, 2, 29
36, 2, 29
37, 2, 29
14, 2, 30
15, 2, 30
16, 2, 30
35, 2, 30
36, 2, 30
37, 2, 30
15, 2, 31
16, 2, 31
35, 2, 31
36, 2, 31
15, 2, 32
16, 2, 32
17, 2, 32
34, 2, 32
35, 2, 32
36, 2, 32
16, 2, 33
17, 2, 33
18, 2, 33
33, 2, 33
34, 2, 33
35, 2, 33
17, 2, 34
18, 2, 34
19, 2, 34
32, 2, 34
33, 2, 34
34, 2, 34
18, 2, 35
19, 2, 35
20, 2, 35
21, 2, 35
30, 2, 35
31, 2, 35
32, 2, 35
33, 2, 35
19, 2, 36
20, 2, 36
21, 2, 36
22, 2, 36
23, 2, 36
24, 2, 36
25, 2, 36
26, 2, 36
27, 2, 36
28, 2, 36
29, 2, 36
30, 2, 36
31, 2, 36
32, 2, 36
21, 2, 37
22, 2, 37
23, 2, 37
24, 2, 37
25, 2, 37
26, 2, 37
27, 2, 37
28, 2, 37
29, 2, 37
30, 2, 37
26, 2, 38
22, 3, 12
23, 3, 12
24, 3, 12
25, 3, 12
26, 3, 12
27, 3, 12
28, 3, 12
29, 3, 12
30, 3, 12
20, 3, 13
21, 3, 13
22, 3, 13
23, 3, 13
24, 3, 13
25, 3, 13
27, 3, 13
28, 3, 13
29, 3, 13
30, 3, 13
31, 3, 13
17, 3, 14
18, 3, 14
19, 3, 14
20, 3, 14
31, 3, 14
32, 3, 14
33, 3, 14
34, 3, 14
17, 3, 15
18, 3, 15
33, 3, 15
34, 3, 15
16, 3, 16
17, 3, 16
34, 3, 16
35, 3, 16
14, 3, 17
15, 3, 17
16, 3, 17
35, 3, 17
36, 3, 17
37, 3, 17
14, 3, 18
15, 3, 18
36, 3, 18
37, 3, 18
14, 3, 19
37, 3, 19
13, 3, 20
14, 3, 20
37, 3, 20
38, 3, 20
12, 3, 21
13, 3, 21
38, 3, 21
12, 3, 22
13, 3, 22
38, 3, 22
39, 3, 22
12, 3, 23
13, 3, 23
38, 3, 23
39, 3, 23
12, 3, 24
13, 3, 24
38, 3, 24
39, 3, 24
12, 3, 25
13, 3, 25
38, 3, 25
39, 3, 25
12, 3, 26
39, 3, 26
12, 3, 27
13, 3, 27
38, 3, 27
39, 3, 27
12, 3, 28
13, 3, 28
38, 3, 28
39, 3, 28
12, 3, 29
13, 3, 29
38, 3, 29
39, 3, 29
13, 3, 30
38, 3, 30
39, 3, 30
13, 3, 31
14, 3, 31
37, 3, 31
38, 3, 31
14, 3, 32
37, 3, 32
14, 3, 33
15, 3, 33
36, 3, 33
37, 3, 33
14, 3, 34
15, 3, 34
16, 3, 34
35, 3, 34
36, 3, 34
37, 3, 34
16, 3, 35
17, 3, 35
34, 3, 35
35, 3, 35
17, 3, 36
18, 3, 36
33, 3, 36
34, 3, 36
17, 3, 37
18, 3, 37
19, 3, 37
20, 3, 37
31, 3, 37
32, 3, 37
33, 3, 37
34, 3, 37
20, 3, 38
21, 3, 38
22, 3, 38
23, 3, 38
24, 3, 38
25, 3, 38
27, 3, 38
28, 3, 38
29, 3, 38
30, 3, 38
31, 3, 38
21, 3, 39
22, 3, 39
23, 3, 39
24, 3, 39
25, 3, 39
26, 3, 39
27, 3, 39
28, 3, 39
29, 3, 39
24, 4, 10
25, 4, 10
26, 4, 10
27, 4, 10
20, 4, 11
21, 4, 11
22, 4, 11
23, 4, 11
24, 4, 11
25, 4, 11
26, 4, 11
27, 4, 11
28, 4, 11
29, 4, 11
30, 4, 11
31, 4, 11
18, 4, 12
19, 4, 12
20, 4, 12
21, 4, 12
31, 4, 12
32, 4, 12
33, 4, 12
16, 4, 13
17, 4, 13
18, 4, 13
19, 4, 13
32, 4, 13
33, 4, 13
34, 4, 13
35, 4, 13
15, 4, 14
16, 4, 14
35, 4, 14
36, 4, 14
14, 4, 15
15, 4, 15
16, 4, 15
35, 4, 15
36, 4, 15
37, 4, 15
13, 4, 16
14, 4, 16
15, 4, 16
36, 4, 16
37, 4, 16
38, 4, 16
13, 4, 17
38, 4, 17
12, 4, 18
13, 4, 18
38, 4, 18
39, 4, 18
12, 4, 19
13, 4, 19
38, 4, 19
39, 4, 19
11, 4, 20
12, 4, 20
39, 4, 20
40, 4, 20
11, 4, 21
39, 4, 21
40, 4, 21
11, 4, 22
40, 4, 22
11, 4, 23
40, 4, 23
10, 4, 24
11, 4, 24
40, 4, 24
41, 4, 24
10, 4, 25
11, 4, 25
40, 4, 25
41, 4, 25
10, 4, 26
11, 4, 26
40, 4, 26
41, 4, 26
10, 4, 27
11, 4, 27
40, 4, 27
41, 4, 27
11, 4, 28
40, 4, 28
11, 4, 29
40, 4, 29
11, 4, 30
12, 4, 30
40, 4, 30
11, 4, 31
12, 4, 31
39, 4, 31
40, 4, 31
12, 4, 32
13, 4, 32
38, 4, 32
39, 4, 32
12, 4, 33
13, 4, 33
38, 4, 33
39, 4, 33
13, 4, 34
38, 4, 34
13, 4, 35
14, 4, 35
15, 4, 35
36, 4, 35
37, 4, 35
38, 4, 35
14, 4, 36
15, 4, 36
16, 4, 36
35, 4, 36
36, 4, 36
37, 4, 36
15, 4, 37
16, 4, 37
35, 4, 37
36, 4, 37
16, 4, 38
17, 4, 38
18, 4, 38
19, 4, 38
32, 4, 38
33, 4, 38
34, 4, 38
35, 4, 38
18, 4, 39
19, 4, 39
20, 4, 39
30, 4, 39
31, 4, 39
32, 4, 39
33, 4, 39
20, 4, 40
21, 4, 40
22, 4, 40
23, 4, 40
24, 4, 40
25, 4, 40
26, 4, 40
27, 4, 40
28, 4, 40
29, 4, 40
30, 4, 40
31, 4, 40
24, 4, 41
25, 4, 41
26, 4, 41
27, 4, 41
23, 5, 9
24, 5, 9
25, 5, 9
26, 5, 9
27, 5, 9
28, 5, 9
19, 5, 10
20, 5, 10
21, 5, 10
22, 5, 10
23, 5, 10
28, 5, 10
29, 5, 10
30, 5, 10
31, 5, 10
32, 5, 10
17, 5, 11
18, 5, 11
19, 5, 11
32, 5, 11
33, 5, 11
16, 5, 12
17, 5, 12
34, 5, 12
35, 5, 12
15, 5, 13
36, 5, 13
14, 5, 14
37, 5, 14
13, 5, 15
38, 5, 15
12, 5, 16
39, 5, 16
12, 5, 17
39, 5, 17
40, 5, 17
11, 5, 18
40, 5, 18
10, 5, 19
11, 5, 19
40, 5, 19
41, 5, 19
10, 5, 20
41, 5, 20
10, 5, 21
41, 5, 21
10, 5, 22
41, 5, 22
9, 5, 23
10, 5, 23
41, 5, 23
42, 5, 23
9, 5, 24
42, 5, 24
9, 5, 25
42, 5, 25
9, 5, 26
42, 5, 26
9, 5, 27
42, 5, 27
9, 5, 28
10, 5, 28
41, 5, 28
42, 5, 28
10, 5, 29
41, 5, 29
10, 5, 30
41, 5, 30
10, 5, 31
41, 5, 31
10, 5, 32
11, 5, 32
40, 5, 32
41, 5, 32
11, 5, 33
40, 5, 33
11, 5, 34
12, 5, 34
39, 5, 34
12, 5, 35
39, 5, 35
13, 5, 36
38, 5, 36
14, 5, 37
37, 5, 37
15, 5, 38
36, 5, 38
16, 5, 39
17, 5, 39
34, 5, 39
35, 5, 39
18, 5, 40
19, 5, 40
32, 5, 40
33, 5, 40
34, 5, 40
19, 5, 41
20, 5, 41
21, 5, 41
22, 5, 41
23, 5, 41
28, 5, 41
29, 5, 41
30, 5, 41
31, 5, 41
32, 5, 41
23, 5, 42
24, 5, 42
25, 5, 42
26, 5, 42
27, 5, 42
28, 5, 42
22, 6, 8
23, 6, 8
24, 6, 8
25, 6, 8
26, 6, 8
27, 6, 8
28, 6, 8
29, 6, 8
19, 6, 9
20, 6, 9
21, 6, 9
22, 6, 9
29, 6, 9
30, 6, 9
31, 6, 9
32, 6, 9
17, 6, 10
18, 6, 10
33, 6, 10
34, 6, 10
15, 6, 11
16, 6, 11
34, 6, 11
35, 6, 11
36, 6, 11
14, 6, 12
15, 6, 12
36, 6, 12
37, 6, 12
13, 6, 13
14, 6, 13
37, 6, 13
38, 6, 13
12, 6, 14
13, 6, 14
38, 6, 14
39, 6, 14
11, 6, 15
12, 6, 15
39, 6, 15
40, 6, 15
11, 6, 16
40, 6, 16
10, 6, 17
11, 6, 17
41, 6, 17
10, 6, 18
41, 6, 18
9, 6, 19
42, 6, 19
9, 6, 20
42, 6, 20
9, 6, 21
42, 6, 21
8, 6, 22
9, 6, 22
42, 6, 22
43, 6, 22
8, 6, 23
43, 6, 23
8, 6, 24
43, 6, 24
8, 6, 25
43, 6, 25
8, 6, 26
43, 6, 26
8, 6, 27
43, 6, 27
8, 6, 28
43, 6, 28
8, 6, 29
9, 6, 29
42, 6, 29
43, 6, 29
9, 6, 30
42, 6, 30
9, 6, 31
42, 6, 31
9, 6, 32
42, 6, 32
10, 6, 33
41, 6, 33
10, 6, 34
40, 6, 34
41, 6, 34
11, 6, 35
40, 6, 35
11, 6, 36
12, 6, 36
39, 6, 36
40, 6, 36
12, 6, 37
13, 6, 37
38, 6, 37
39, 6, 37
13, 6, 38
14, 6, 38
37, 6, 38
38, 6, 38
14, 6, 39
15, 6, 39
36, 6, 39
37, 6, 39
15, 6, 40
16, 6, 40
17, 6, 40
35, 6, 40
36, 6, 40
17, 6, 41
18, 6, 41
33, 6, 41
34, 6, 41
19, 6, 42
20, 6, 42
21, 6, 42
22, 6, 42
29, 6, 42
30, 6, 42
31, 6, 42
32, 6, 42
22, 6, 43
23, 6, 43
24, 6, 43
25, 6, 43
26, 6, 43
27, 6, 43
28, 6, 43
29, 6, 43
22, 7, 7
23, 7, 7
24, 7, 7
25, 7, 7
26, 7, 7
27, 7, 7
28, 7, 7
29, 7, 7
30, 7, 7
18, 7, 8
19, 7, 8
20, 7, 8
21, 7, 8
30, 7, 8
31, 7, 8
32, 7, 8
33, 7, 8
16, 7, 9
17, 7, 9
18, 7, 9
33, 7, 9
34, 7, 9
35, 7, 9
15, 7, 10
16, 7, 10
35, 7, 10
36, 7, 10
37, 7, 10
13, 7, 11
14, 7, 11
37, 7, 11
38, 7, 11
12, 7, 12
13, 7, 12
38, 7, 12
39, 7, 12
11, 7, 13
12, 7, 13
39, 7, 13
40, 7, 13
10, 7, 14
11, 7, 14
40, 7, 14
10, 7, 15
41, 7, 15
9, 7, 16
10, 7, 16
41, 7, 16
42, 7, 16
9, 7, 17
42, 7, 17
8, 7, 18
9, 7, 18
42, 7, 18
43, 7, 18
8, 7, 19
43, 7, 19
8, 7, 20
43, 7, 20
7, 7, 21
8, 7, 21
43, 7, 21
7, 7, 22
44, 7, 22
7, 7, 23
44, 7, 23
7, 7, 24
44, 7, 24
7, 7, 25
44, 7, 25
7, 7, 26
44, 7, 26
7, 7, 27
44, 7, 27
7, 7, 28
44, 7, 28
7, 7, 29
44, 7, 29
8, 7, 30
43, 7, 30
44, 7, 30
8, 7, 31
43, 7, 31
8, 7, 32
43, 7, 32
8, 7, 33
9, 7, 33
42, 7, 33
43, 7, 33
9, 7, 34
42, 7, 34
9, 7, 35
10, 7, 35
41, 7, 35
42, 7, 35
10, 7, 36
41, 7, 36
11, 7, 37
40, 7, 37
41, 7, 37
11, 7, 38
12, 7, 38
39, 7, 38
40, 7, 38
12, 7, 39
13, 7, 39
38, 7, 39
39, 7, 39
13, 7, 40
14, 7, 40
37, 7, 40
38, 7, 40
14, 7, 41
15, 7, 41
16, 7, 41
35, 7, 41
36, 7, 41
16, 7, 42
17, 7, 42
18, 7, 42
33, 7, 42
34, 7, 42
35, 7, 42
18, 7, 43
19, 7, 43
20, 7, 43
21, 7, 43
30, 7, 43
31, 7, 43
32, 7, 43
33, 7, 43
21, 7, 44
22, 7, 44
23, 7, 44
24, 7, 44
25, 7, 44
26, 7, 44
27, 7, 44
28, 7, 44
29, 7, 44
22, 8, 6
23, 8, 6
24, 8, 6
25, 8, 6
26, 8, 6
27, 8, 6
28, 8, 6
29, 8, 6
18, 8, 7
19, 8, 7
20, 8, 7
21, 8, 7
30, 8, 7
31, 8, 7
32, 8, 7
17, 8, 8
33, 8, 8
34, 8, 8
15, 8, 9
16, 8, 9
35, 8, 9
36, 8, 9
13, 8, 10
14, 8, 10
37, 8, 10
13, 8, 11
38, 8, 11
12, 8, 12
39, 8, 12
11, 8, 13
40, 8, 13
41, 8, 13
10, 8, 14
41, 8, 14
9, 8, 15
42, 8, 15
9, 8, 16
42, 8, 16
8, 8, 17
43, 8, 17
8, 8, 18
44, 8, 18
7, 8, 19
44, 8, 19
7, 8, 20
44, 8, 20
7, 8, 21
44, 8, 21
6, 8, 22
45, 8, 22
6, 8, 23
45, 8, 23
6, 8, 24
45, 8, 24
6, 8, 25
45, 8, 25
6, 8, 26
45, 8, 26
6, 8, 27
45, 8, 27
6, 8, 28
45, 8, 28
6, 8, 29
45, 8, 29
7, 8, 30
44, 8, 30
7, 8, 31
44, 8, 31
7, 8, 32
44, 8, 32
7, 8, 33
43, 8, 33
8, 8, 34
43, 8, 34
9, 8, 35
42, 8, 35
9, 8, 36
42, 8, 36
10, 8, 37
41, 8, 37
10, 8, 38
11, 8, 38
40, 8, 38
12, 8, 39
39, 8, 39
13, 8, 40
38, 8, 40
14, 8, 41
37, 8, 41
38, 8, 41
15, 8, 42
16, 8, 42
35, 8, 42
36, 8, 42
17, 8, 43
18, 8, 43
34, 8, 43
19, 8, 44
20, 8, 44
21, 8, 44
30, 8, 44
31, 8, 44
32, 8, 44
33, 8, 44
22, 8, 45
23, 8, 45
24, 8, 45
25, 8, 45
26, 8, 45
27, 8, 45
28, 8, 45
29, 8, 45
23, 9, 5
24, 9, 5
25, 9, 5
26, 9, 5
27, 9, 5
28, 9, 5
19, 9, 6
20, 9, 6
21, 9, 6
22, 9, 6
29, 9, 6
30, 9, 6
31, 9, 6
32, 9, 6
17, 9, 7
18, 9, 7
33, 9, 7
34, 9, 7
15, 9, 8
16, 9, 8
35, 9, 8
36, 9, 8
13, 9, 9
14, 9, 9
37, 9, 9
38, 9, 9
12, 9, 10
38, 9, 10
39, 9, 10
11, 9, 11
12, 9, 11
39, 9, 11
40, 9, 11
10, 9, 12
11, 9, 12
40, 9, 12
41, 9, 12
9, 9, 13
10, 9, 13
42, 9, 13
9, 9, 14
42, 9, 14
8, 9, 15
43, 9, 15
8, 9, 16
43, 9, 16
7, 9, 17
44, 9, 17
7, 9, 18
44, 9, 18
6, 9, 19
45, 9, 19
6, 9, 20
45, 9, 20
6, 9, 21
45, 9, 21
6, 9, 22
45, 9, 22
5, 9, 23
46, 9, 23
5, 9, 24
46, 9, 24
5, 9, 25
46, 9, 25
5, 9, 26
46, 9, 26
5, 9, 27
46, 9, 27
5, 9, 28
46, 9, 28
6, 9, 29
45, 9, 29
6, 9, 30
45, 9, 30
6, 9, 31
45, 9, 31
6, 9, 32
45, 9, 32
7, 9, 33
44, 9, 33
7, 9, 34
44, 9, 34
8, 9, 35
43, 9, 35
8, 9, 36
43, 9, 36
9, 9, 37
42, 9, 37
9, 9, 38
41, 9, 38
42, 9, 38
10, 9, 39
11, 9, 39
40, 9, 39
41, 9, 39
11, 9, 40
12, 9, 40
39, 9, 40
40, 9, 40
12, 9, 41
13, 9, 41
39, 9, 41
13, 9, 42
14, 9, 42
37, 9, 42
38, 9, 42
15, 9, 43
16, 9, 43
35, 9, 43
36, 9, 43
17, 9, 44
18, 9, 44
33, 9, 44
34, 9, 44
19, 9, 45
20, 9, 45
21, 9, 45
22, 9, 45
29, 9, 45
30, 9, 45
31, 9, 45
32, 9, 45
23, 9, 46
24, 9, 46
25, 9, 46
26, 9, 46
27, 9, 46
28, 9, 46
25, 10, 4
26, 10, 4
19, 10, 5
20, 10, 5
21, 10, 5
22, 10, 5
23, 10, 5
24, 10, 5
27, 10, 5
28, 10, 5
29, 10, 5
30, 10, 5
31, 10, 5
32, 10, 5
17, 10, 6
18, 10, 6
33, 10, 6
34, 10, 6
15, 10, 7
16, 10, 7
35, 10, 7
36, 10, 7
13, 10, 8
14, 10, 8
37, 10, 8
38, 10, 8
12, 10, 9
39, 10, 9
11, 10, 10
40, 10, 10
10, 10, 11
41, 10, 11
9, 10, 12
42, 10, 12
8, 10, 13
43, 10, 13
8, 10, 14
43, 10, 14
7, 10, 15
44, 10, 15
7, 10, 16
44, 10, 16
6, 10, 17
45, 10, 17
6, 10, 18
45, 10, 18
5, 10, 19
46, 10, 19
5, 10, 20
46, 10, 20
5, 10, 21
46, 10, 21
5, 10, 22
46, 10, 22
5, 10, 23
46, 10, 23
5, 10, 24
46, 10, 24
4, 10, 25
47, 10, 25
4, 10, 26
47, 10, 26
5, 10, 27
46, 10, 27
5, 10, 28
46, 10, 28
5, 10, 29
46, 10, 29
5, 10, 30
46, 10, 30
5, 10, 31
46, 10, 31
5, 10, 32
46, 10, 32
6, 10, 33
45, 10, 33
6, 10, 34
45, 10, 34
7, 10, 35
44, 10, 35
7, 10, 36
44, 10, 36
8, 10, 37
43, 10, 37
8, 10, 38
43, 10, 38
9, 10, 39
42, 10, 39
10, 10, 40
41, 10, 40
11, 10, 41
40, 10, 41
12, 10, 42
39, 10, 42
13, 10, 43
14, 10, 43
37, 10, 43
38, 10, 43
15, 10, 44
16, 10, 44
35, 10, 44
36, 10, 44
17, 10, 45
18, 10, 45
33, 10, 45
34, 10, 45
19, 10, 46
20, 10, 46
21, 10, 46
22, 10, 46
23, 10, 46
24, 10, 46
27, 10, 46
28, 10, 46
29, 10, 46
30, 10, 46
31, 10, 46
32, 10, 46
25, 10, 47
26, 10, 47
21, 11, 4
22, 11, 4
23, 11, 4
24, 11, 4
25, 11, 4
26, 11, 4
27, 11, 4
28, 11, 4
29, 11, 4
30, 11, 4
18, 11, 5
19, 11, 5
20, 11, 5
31, 11, 5
32, 11, 5
33, 11, 5
16, 11, 6
17, 11, 6
34, 11, 6
35, 11, 6
13, 11, 7
14, 11, 7
15, 11, 7
36, 11, 7
37, 11, 7
38, 11, 7
12, 11, 8
39, 11, 8
11, 11, 9
40, 11, 9
10, 11, 10
41, 11, 10
9, 11, 11
42, 11, 11
8, 11, 12
43, 11, 12
7, 11, 13
44, 11, 13
7, 11, 14
44, 11, 14
7, 11, 15
44, 11, 15
6, 11, 16
45, 11, 16
6, 11, 17
45, 11, 17
5, 11, 18
46, 11, 18
5, 11, 19
46, 11, 19
5, 11, 20
46, 11, 20
4, 11, 21
47, 11, 21
4, 11, 22
47, 11, 22
4, 11, 23
47, 11, 23
4, 11, 24
47, 11, 24
4, 11, 25
47, 11, 25
4, 11, 26
47, 11, 26
4, 11, 27
47, 11, 27
4, 11, 28
47, 11, 28
4, 11, 29
47, 11, 29
4, 11, 30
47, 11, 30
5, 11, 31
46, 11, 31
5, 11, 32
46, 11, 32
5, 11, 33
46, 11, 33
6, 11, 34
45, 11, 34
6, 11, 35
45, 11, 35
7, 11, 36
44, 11, 36
7, 11, 37
44, 11, 37
7, 11, 38
44, 11, 38
8, 11, 39
43, 11, 39
9, 11, 40
42, 11, 40
10, 11, 41
41, 11, 41
11, 11, 42
40, 11, 42
12, 11, 43
39, 11, 43
13, 11, 44
14, 11, 44
15, 11, 44
36, 11, 44
37, 11, 44
38, 11, 44
16, 11, 45
17, 11, 45
34, 11, 45
35, 11, 45
18, 11, 46
19, 11, 46
20, 11, 46
31, 11, 46
32, 11, 46
33, 11, 46
21, 11, 47
22, 11, 47
23, 11, 47
24, 11, 47
25, 11, 47
26, 11, 47
27, 11, 47
28, 11, 47
29, 11, 47
30, 11, 47
23, 12, 3
24, 12, 3
25, 12, 3
26, 12, 3
27, 12, 3
28, 12, 3
18, 12, 4
19, 12, 4
20, 12, 4
21, 12, 4
22, 12, 4
29, 12, 4
30, 12, 4
31, 12, 4
32, 12, 4
33, 12, 4
16, 12, 5
17, 12, 5
34, 12, 5
35, 12, 5
14, 12, 6
15, 12, 6
36, 12, 6
37, 12, 6
12, 12, 7
13, 12, 7
38, 12, 7
39, 12, 7
11, 12, 8
40, 12, 8
10, 12, 9
41, 12, 9
9, 12, 10
42, 12, 10
8, 12, 11
43, 12, 11
7, 12, 12
44, 12, 12
7, 12, 13
44, 12, 13
6, 12, 14
45, 12, 14
6, 12, 15
45, 12, 15
5, 12, 16
46, 12, 16
5, 12, 17
46, 12, 17
4, 12, 18
47, 12, 18
4, 12, 19
47, 12, 19
4, 12, 20
47, 12, 20
4, 12, 21
47, 12, 21
4, 12, 22
47, 12, 22
3, 12, 23
48, 12, 23
3, 12, 24
48, 12, 24
3, 12, 25
48, 12, 25
3, 12, 26
48, 12, 26
3, 12, 27
48, 12, 27
3, 12, 28
48, 12, 28
4, 12, 29
47, 12, 29
4, 12, 30
47, 12, 30
4, 12, 31
47, 12, 31
4, 12, 32
47, 12, 32
4, 12, 33
47, 12, 33
5, 12, 34
46, 12, 34
5, 12, 35
46, 12, 35
6, 12, 36
45, 12, 36
6, 12, 37
45, 12, 37
7, 12, 38
44, 12, 38
7, 12, 39
44, 12, 39
8, 12, 40
43, 12, 40
9, 12, 41
42, 12, 41
10, 12, 42
41, 12, 42
11, 12, 43
40, 12, 43
12, 12, 44
13, 12, 44
38, 12, 44
39, 12, 44
14, 12, 45
15, 12, 45
36, 12, 45
37, 12, 45
16, 12, 46
17, 12, 46
34, 12, 46
35, 12, 46
18, 12, 47
19, 12, 47
20, 12, 47
21, 12, 47
22, 12, 47
29, 12, 47
30, 12, 47
31, 12, 47
32, 12, 47
33, 12, 47
23, 12, 48
24, 12, 48
25, 12, 48
26, 12, 48
27, 12, 48
28, 12, 48
26, 13, 2
19, 13, 3
20, 13, 3
21, 13, 3
22, 13, 3
23, 13, 3
24, 13, 3
25, 13, 3
27, 13, 3
28, 13, 3
29, 13, 3
30, 13, 3
31, 13, 3
32, 13, 3
17, 13, 4
18, 13, 4
33, 13, 4
34, 13, 4
15, 13, 5
16, 13, 5
35, 13, 5
36, 13, 5
13, 13, 6
14, 13, 6
37, 13, 6
38, 13, 6
12, 13, 7
39, 13, 7
10, 13, 8
11, 13, 8
40, 13, 8
41, 13, 8
9, 13, 9
42, 13, 9
8, 13, 10
43, 13, 10
8, 13, 11
43, 13, 11
7, 13, 12
44, 13, 12
6, 13, 13
45, 13, 13
6, 13, 14
45, 13, 14
5, 13, 15
46, 13, 15
5, 13, 16
46, 13, 16
4, 13, 17
47, 13, 17
4, 13, 18
47, 13, 18
3, 13, 19
48, 13, 19
3, 13, 20
48, 13, 20
3, 13, 21
48, 13, 21
3, 13, 22
48, 13, 22
3, 13, 23
48, 13, 23
3, 13, 24
48, 13, 24
3, 13, 25
48, 13, 25
2, 13, 26
49, 13, 26
3, 13, 27
48, 13, 27
3, 13, 28
48, 13, 28
3, 13, 29
48, 13, 29
3, 13, 30
48, 13, 30
3, 13, 31
48, 13, 31
3, 13, 32
48, 13, 32
4, 13, 33
47, 13, 33
4, 13, 34
47, 13, 34
5, 13, 35
46, 13, 35
5, 13, 36
46, 13, 36
6, 13, 37
45, 13, 37
6, 13, 38
45, 13, 38
7, 13, 39
44, 13, 39
8, 13, 40
43, 13, 40
8, 13, 41
43, 13, 41
9, 13, 42
42, 13, 42
10, 13, 43
11, 13, 43
40, 13, 43
41, 13, 43
12, 13, 44
39, 13, 44
13, 13, 45
14, 13, 45
37, 13, 45
38, 13, 45
15, 13, 46
16, 13, 46
35, 13, 46
36, 13, 46
17, 13, 47
18, 13, 47
33, 13, 47
34, 13, 47
19, 13, 48
20, 13, 48
21, 13, 48
22, 13, 48
23, 13, 48
24, 13, 48
25, 13, 48
27, 13, 48
28, 13, 48
29, 13, 48
30, 13, 48
31, 13, 48
32, 13, 48
26, 13, 49
23, 14, 2
24, 14, 2
25, 14, 2
26, 14, 2
27, 14, 2
28, 14, 2
18, 14, 3
19, 14, 3
20, 14, 3
21, 14, 3
22, 14, 3
29, 14, 3
30, 14, 3
31, 14, 3
32, 14, 3
33, 14, 3
16, 14, 4
17, 14, 4
34, 14, 4
35, 14, 4
14, 14, 5
15, 14, 5
36, 14, 5
37, 14, 5
12, 14, 6
13, 14, 6
38, 14, 6
39, 14, 6
11, 14, 7
40, 14, 7
10, 14, 8
41, 14, 8
9, 14, 9
42, 14, 9
8, 14, 10
43, 14, 10
7, 14, 11
44, 14, 11
6, 14, 12
45, 14, 12
6, 14, 13
45, 14, 13
5, 14, 14
46, 14, 14
5, 14, 15
46, 14, 15
4, 14, 16
47, 14, 16
4, 14, 17
47, 14, 17
3, 14, 18
48, 14, 18
3, 14, 19
48, 14, 19
3, 14, 20
48, 14, 20
3, 14, 21
48, 14, 21
3, 14, 22
48, 14, 22
2, 14, 23
49, 14, 23
2, 14, 24
49, 14, 24
2, 14, 25
49, 14, 25
2, 14, 26
49, 14, 26
2, 14, 27
49, 14, 27
2, 14, 28
49, 14, 28
3, 14, 29
48, 14, 29
3, 14, 30
48, 14, 30
3, 14, 31
48, 14, 31
3, 14, 32
48, 14, 32
3, 14, 33
48, 14, 33
4, 14, 34
47, 14, 34
4, 14, 35
47, 14, 35
5, 14, 36
46, 14, 36
5, 14, 37
46, 14, 37
6, 14, 38
45, 14, 38
6, 14, 39
45, 14, 39
7, 14, 40
44, 14, 40
8, 14, 41
43, 14, 41
9, 14, 42
42, 14, 42
10, 14, 43
41, 14, 43
11, 14, 44
40, 14, 44
12, 14, 45
13, 14, 45
38, 14, 45
39, 14, 45
14, 14, 46
15, 14, 46
36, 14, 46
37, 14, 46
16, 14, 47
17, 14, 47
34, 14, 47
35, 14, 47
18, 14, 48
19, 14, 48
20, 14, 48
21, 14, 48
22, 14, 48
29, 14, 48
30, 14, 48
31, 14, 48
32, 14, 48
33, 14, 48
23, 14, 49
24, 14, 49
25, 14, 49
26, 14, 49
27, 14, 49
28, 14, 49
20, 15, 2
21, 15, 2
22, 15, 2
23, 15, 2
24, 15, 2
25, 15, 2
26, 15, 2
27, 15, 2
28, 15, 2
29, 15, 2
30, 15, 2
31, 15, 2
17, 15, 3
18, 15, 3
19, 15, 3
32, 15, 3
33, 15, 3
34, 15, 3
15, 15, 4
16, 15, 4
35, 15, 4
36, 15, 4
13, 15, 5
14, 15, 5
37, 15, 5
38, 15, 5
11, 15, 6
12, 15, 6
39, 15, 6
40, 15, 6
10, 15, 7
41, 15, 7
9, 15, 8
42, 15, 8
8, 15, 9
43, 15, 9
7, 15, 10
44, 15, 10
6, 15, 11
45, 15, 11
6, 15, 12
45, 15, 12
5, 15, 13
46, 15, 13
5, 15, 14
46, 15, 14
4, 15, 15
47, 15, 15
4, 15, 16
47, 15, 16
3, 15, 17
48, 15, 17
3, 15, 18
48, 15, 18
3, 15, 19
48, 15, 19
2, 15, 20
49, 15, 20
2, 15, 21
49, 15, 21
2, 15, 22
49, 15, 22
2, 15, 23
49, 15, 23
2, 15, 24
49, 15, 24
2, 15, 25
49, 15, 25
2, 15, 26
49, 15, 26
2, 15, 27
49, 15, 27
2, 15, 28
49, 15, 28
2, 15, 29
49, 15, 29
2, 15, 30
49, 15, 30
2, 15, 31
49, 15, 31
3, 15, 32
48, 15, 32
3, 15, 33
48, 15, 33
3, 15, 34
48, 15, 34
4, 15, 35
47, 15, 35
4, 15, 36
47, 15, 36
5, 15, 37
46, 15, 37
5, 15, 38
46, 15, 38
6, 15, 39
45, 15, 39
6, 15, 40
45, 15, 40
7, 15, 41
44, 15, 41
8, 15, 42
43, 15, 42
9, 15, 43
42, 15, 43
10, 15, 44
41, 15, 44
11, 15, 45
12, 15, 45
39, 15, 45
40, 15, 45
13, 15, 46
14, 15, 46
37, 15, 46
38, 15, 46
15, 15, 47
16, 15, 47
35, 15, 47
36, 15, 47
17, 15, 48
18, 15, 48
19, 15, 48
32, 15, 48
33, 15, 48
34, 15, 48
20, 15, 49
21, 15, 49
22, 15, 49
23, 15, 49
24, 15, 49
25, 15, 49
26, 15, 49
27, 15, 49
28, 15, 49
29, 15, 49
30, 15, 49
31, 15, 49
24, 16, 1
25, 16, 1
26, 16, 1
27, 16, 1
18, 16, 2
19, 16, 2
20, 16, 2
21, 16, 2
22, 16, 2
23, 16, 2
28, 16, 2
29, 16, 2
30, 16, 2
31, 16, 2
32, 16, 2
33, 16, 2
16, 16, 3
17, 16, 3
34, 16, 3
35, 16, 3
14, 16, 4
15, 16, 4
36, 16, 4
37, 16, 4
12, 16, 5
13, 16, 5
38, 16, 5
39, 16, 5
11, 16, 6
40, 16, 6
10, 16, 7
41, 16, 7
9, 16, 8
42, 16, 8
8, 16, 9
43, 16, 9
7, 16, 10
44, 16, 10
6, 16, 11
45, 16, 11
5, 16, 12
46, 16, 12
5, 16, 13
46, 16, 13
4, 16, 14
47, 16, 14
4, 16, 15
47, 16, 15
3, 16, 16
48, 16, 16
3, 16, 17
48, 16, 17
2, 16, 18
49, 16, 18
2, 16, 19
49, 16, 19
2, 16, 20
49, 16, 20
2, 16, 21
49, 16, 21
2, 16, 22
49, 16, 22
2, 16, 23
49, 16, 23
1, 16, 24
50, 16, 24
1, 16, 25
50, 16, 25
1, 16, 26
50, 16, 26
1, 16, 27
50, 16, 27
2, 16, 28
49, 16, 28
2, 16, 29
49, 16, 29
2, 16, 30
49, 16, 30
2, 16, 31
49, 16, 31
2, 16, 32
49, 16, 32
2, 16, 33
49, 16, 33
3, 16, 34
48, 16, 34
3, 16, 35
48, 16, 35
4, 16, 36
47, 16, 36
4, 16, 37
47, 16, 37
5, 16, 38
46, 16, 38
5, 16, 39
46, 16, 39
6, 16, 40
45, 16, 40
7, 16, 41
44, 16, 41
8, 16, 42
43, 16, 42
9, 16, 43
42, 16, 43
10, 16, 44
41, 16, 44
11, 16, 45
40, 16, 45
12, 16, 46
13, 16, 46
38, 16, 46
39, 16, 46
14, 16, 47
15, 16, 47
36, 16, 47
37, 16, 47
16, 16, 48
17, 16, 48
34, 16, 48
35, 16, 48
18, 16, 49
19, 16, 49
20, 16, 49
21, 16, 49
22, 16, 49
23, 16, 49
28, 16, 49
29, 16, 49
30, 16, 49
31, 16, 49
32, 16, 49
33, 16, 49
24, 16, 50
25, 16, 50
26, 16, 50
27, 16, 50
21, 17, 1
22, 17, 1
23, 17, 1
24, 17, 1
25, 17, 1
26, 17, 1
27, 17, 1
28, 17, 1
29, 17, 1
30, 17, 1
17, 17, 2
18, 17, 2
19, 17, 2
20, 17, 2
31, 17, 2
32, 17, 2
33, 17, 2
34, 17, 2
15, 17, 3
16, 17, 3
35, 17, 3
36, 17, 3
13, 17, 4
14, 17, 4
37, 17, 4
38, 17, 4
11, 17, 5
12, 17, 5
39, 17, 5
40, 17, 5
10, 17, 6
41, 17, 6
9, 17, 7
42, 17, 7
8, 17, 8
43, 17, 8
7, 17, 9
44, 17, 9
6, 17, 10
45, 17, 10
5, 17, 11
46, 17, 11
5, 17, 12
46, 17, 12
4, 17, 13
47, 17, 13
4, 17, 14
47, 17, 14
3, 17, 15
48, 17, 15
3, 17, 16
48, 17, 16
2, 17, 17
49, 17, 17
2, 17, 18
49, 17, 18
2, 17, 19
49, 17, 19
2, 17, 20
49, 17, 20
1, 17, 21
50, 17, 21
1, 17, 22
50, 17, 22
1, 17, 23
50, 17, 23
1, 17, 24
50, 17, 24
1, 17, 25
50, 17, 25
1, 17, 26
50, 17, 26
1, 17, 27
50, 17, 27
1, 17, 28
50, 17, 28
1, 17, 29
50, 17, 29
1, 17, 30
50, 17, 30
2, 17, 31
49, 17, 31
2, 17, 32
49, 17, 32
2, 17, 33
49, 17, 33
2, 17, 34
49, 17, 34
3, 17, 35
48, 17, 35
3, 17, 36
48, 17, 36
4, 17, 37
47, 17, 37
4, 17, 38
47, 17, 38
5, 17, 39
46, 17, 39
5, 17, 40
46, 17, 40
6, 17, 41
45, 17, 41
7, 17, 42
44, 17, 42
8, 17, 43
43, 17, 43
9, 17, 44
42, 17, 44
10, 17, 45
41, 17, 45
11, 17, 46
12, 17, 46
39, 17, 46
40, 17, 46
13, 17, 47
14, 17, 47
37, 17, 47
38, 17, 47
15, 17, 48
16, 17, 48
35, 17, 48
36, 17, 48
17, 17, 49
18, 17, 49
19, 17, 49
20, 17, 49
31, 17, 49
32, 17, 49
33, 17, 49
34, 17, 49
21, 17, 50
22, 17, 50
23, 17, 50
24, 17, 50
25, 17, 50
26, 17, 50
27, 17, 50
28, 17, 50
29, 17, 50
30, 17, 50
20, 18, 1
21, 18, 1
22, 18, 1
23, 18, 1
24, 18, 1
25, 18, 1
26, 18, 1
27, 18, 1
28, 18, 1
29, 18, 1
30, 18, 1
31, 18, 1
16, 18, 2
17, 18, 2
18, 18, 2
19, 18, 2
32, 18, 2
33, 18, 2
34, 18, 2
35, 18, 2
14, 18, 3
15, 18, 3
36, 18, 3
37, 18, 3
12, 18, 4
13, 18, 4
38, 18, 4
39, 18, 4
11, 18, 5
40, 18, 5
10, 18, 6
41, 18, 6
9, 18, 7
42, 18, 7
8, 18, 8
43, 18, 8
7, 18, 9
44, 18, 9
6, 18, 10
45, 18, 10
5, 18, 11
46, 18, 11
4, 18, 12
47, 18, 12
4, 18, 13
47, 18, 13
3, 18, 14
48, 18, 14
3, 18, 15
48, 18, 15
2, 18, 16
49, 18, 16
2, 18, 17
49, 18, 17
2, 18, 18
49, 18, 18
2, 18, 19
49, 18, 19
1, 18, 20
50, 18, 20
1, 18, 21
50, 18, 21
1, 18, 22
50, 18, 22
1, 18, 23
50, 18, 23
1, 18, 24
50, 18, 24
1, 18, 25
50, 18, 25
1, 18, 26
50, 18, 26
1, 18, 27
50, 18, 27
1, 18, 28
50, 18, 28
1, 18, 29
50, 18, 29
1, 18, 30
50, 18, 30
1, 18, 31
50, 18, 31
2, 18, 32
49, 18, 32
2, 18, 33
49, 18, 33
2, 18, 34
49, 18, 34
2, 18, 35
49, 18, 35
3, 18, 36
48, 18, 36
3, 18, 37
48, 18, 37
4, 18, 38
47, 18, 38
4, 18, 39
47, 18, 39
5, 18, 40
46, 18, 40
6, 18, 41
45, 18, 41
7, 18, 42
44, 18, 42
8, 18, 43
43, 18, 43
9, 18, 44
42, 18, 44
10, 18, 45
41, 18, 45
11, 18, 46
40, 18, 46
12, 18, 47
13, 18, 47
38, 18, 47
39, 18, 47
14, 18, 48
15, 18, 48
36, 18, 48
37, 18, 48
16, 18, 49
17, 18, 49
18, 18, 49
19, 18, 49
32, 18, 49
33, 18, 49
34, 18, 49
35, 18, 49
20, 18, 50
21, 18, 50
22, 18, 50
23, 18, 50
24, 18, 50
25, 18, 50
26, 18, 50
27, 18, 50
28, 18, 50
29, 18, 50
30, 18, 50
31, 18, 50
24, 19, 0
25, 19, 0
26, 19, 0
27, 19, 0
18, 19, 1
19, 19, 1
20, 19, 1
21, 19, 1
22, 19, 1
23, 19, 1
28, 19, 1
29, 19, 1
30, 19, 1
31, 19, 1
32, 19, 1
33, 19, 1
16, 19, 2
17, 19, 2
34, 19, 2
35, 19, 2
14, 19, 3
15, 19, 3
36, 19, 3
37, 19, 3
12, 19, 4
13, 19, 4
38, 19, 4
39, 19, 4
10, 19, 5
11, 19, 5
40, 19, 5
41, 19, 5
9, 19, 6
42, 19, 6
8, 19, 7
43, 19, 7
7, 19, 8
44, 19, 8
6, 19, 9
45, 19, 9
5, 19, 10
46, 19, 10
5, 19, 11
46, 19, 11
4, 19, 12
47, 19, 12
4, 19, 13
47, 19, 13
3, 19, 14
48, 19, 14
3, 19, 15
48, 19, 15
2, 19, 16
49, 19, 16
2, 19, 17
49, 19, 17
1, 19, 18
50, 19, 18
1, 19, 19
50, 19, 19
1, 19, 20
50, 19, 20
1, 19, 21
50, 19, 21
1, 19, 22
50, 19, 22
1, 19, 23
50, 19, 23
0, 19, 24
51, 19, 24
0, 19, 25
51, 19, 25
0, 19, 26
51, 19, 26
0, 19, 27
51, 19, 27
1, 19, 28
50, 19, 28
1, 19, 29
50, 19, 29
1, 19, 30
50, 19, 30
1, 19, 31
50, 19, 31
1, 19, 32
50, 19, 32
1, 19, 33
50, 19, 33
2, 19, 34
49, 19, 34
2, 19, 35
49, 19, 35
3, 19, 36
48, 19, 36
3, 19, 37
48, 19, 37
4, 19, 38
47, 19, 38
4, 19, 39
47, 19, 39
5, 19, 40
46, 19, 40
5, 19, 41
46, 19, 41
6, 19, 42
45, 19, 42
7, 19, 43
44, 19, 43
8, 19, 44
43, 19, 44
9, 19, 45
42, 19, 45
10, 19, 46
11, 19, 46
40, 19, 46
41, 19, 46
12, 19, 47
13, 19, 47
38, 19, 47
39, 19, 47
14, 19, 48
15, 19, 48
36, 19, 48
37, 19, 48
16, 19, 49
17, 19, 49
34, 19, 49
35, 19, 49
18, 19, 50
19, 19, 50
20, 19, 50
21, 19, 50
22, 19, 50
23, 19, 50
28, 19, 50
29, 19, 50
30, 19, 50
31, 19, 50
32, 19, 50
33, 19, 50
24, 19, 51
25, 19, 51
26, 19, 51
27, 19, 51
23, 20, 0
24, 20, 0
25, 20, 0
26, 20, 0
27, 20, 0
28, 20, 0
17, 20, 1
18, 20, 1
19, 20, 1
20, 20, 1
21, 20, 1
22, 20, 1
29, 20, 1
30, 20, 1
31, 20, 1
32, 20, 1
33, 20, 1
34, 20, 1
15, 20, 2
16, 20, 2
35, 20, 2
36, 20, 2
13, 20, 3
14, 20, 3
37, 20, 3
38, 20, 3
11, 20, 4
12, 20, 4
39, 20, 4
40, 20, 4
10, 20, 5
41, 20, 5
9, 20, 6
42, 20, 6
8, 20, 7
43, 20, 7
7, 20, 8
44, 20, 8
6, 20, 9
45, 20, 9
5, 20, 10
46, 20, 10
4, 20, 11
47, 20, 11
4, 20, 12
47, 20, 12
3, 20, 13
48, 20, 13
3, 20, 14
48, 20, 14
2, 20, 15
49, 20, 15
2, 20, 16
49, 20, 16
1, 20, 17
50, 20, 17
1, 20, 18
50, 20, 18
1, 20, 19
50, 20, 19
1, 20, 20
50, 20, 20
1, 20, 21
50, 20, 21
1, 20, 22
50, 20, 22
0, 20, 23
51, 20, 23
0, 20, 24
51, 20, 24
0, 20, 25
51, 20, 25
0, 20, 26
51, 20, 26
0, 20, 27
51, 20, 27
0, 20, 28
51, 20, 28
1, 20, 29
50, 20, 29
1, 20, 30
50, 20, 30
1, 20, 31
50, 20, 31
1, 20, 32
50, 20, 32
1, 20, 33
50, 20, 33
1, 20, 34
50, 20, 34
2, 20, 35
49, 20, 35
2, 20, 36
49, 20, 36
3, 20, 37
48, 20, 37
3, 20, 38
48, 20, 38
4, 20, 39
47, 20, 39
4, 20, 40
47, 20, 40
5, 20, 41
46, 20, 41
6, 20, 42
45, 20, 42
7, 20, 43
44, 20, 43
8, 20, 44
43, 20, 44
9, 20, 45
42, 20, 45
10, 20, 46
41, 20, 46
11, 20, 47
12, 20, 47
39, 20, 47
40, 20, 47
13, 20, 48
14, 20, 48
37, 20, 48
38, 20, 48
15, 20, 49
16, 20, 49
35, 20, 49
36, 20, 49
17, 20, 50
18, 20, 50
19, 20, 50
20, 20, 50
21, 20, 50
22, 20, 50
29, 20, 50
30, 20, 50
31, 20, 50
32, 20, 50
33, 20, 50
34, 20, 50
23, 20, 51
24, 20, 51
25, 20, 51
26, 20, 51
27, 20, 51
28, 20, 51
21, 21, 0
22, 21, 0
23, 21, 0
24, 21, 0
25, 21, 0
26, 21, 0
27, 21, 0
28, 21, 0
29, 21, 0
30, 21, 0
17, 21, 1
18, 21, 1
19, 21, 1
20, 21, 1
31, 21, 1
32, 21, 1
33, 21, 1
34, 21, 1
15, 21, 2
16, 21, 2
35, 21, 2
36, 21, 2
13, 21, 3
14, 21, 3
37, 21, 3
38, 21, 3
11, 21, 4
12, 21, 4
39, 21, 4
40, 21, 4
10, 21, 5
41, 21, 5
9, 21, 6
42, 21, 6
8, 21, 7
43, 21, 7
7, 21, 8
44, 21, 8
6, 21, 9
45, 21, 9
5, 21, 10
46, 21, 10
4, 21, 11
47, 21, 11
4, 21, 12
47, 21, 12
3, 21, 13
48, 21, 13
3, 21, 14
48, 21, 14
2, 21, 15
49, 21, 15
2, 21, 16
49, 21, 16
1, 21, 17
50, 21, 17
1, 21, 18
50, 21, 18
1, 21, 19
50, 21, 19
1, 21, 20
50, 21, 20
0, 21, 21
51, 21, 21
0, 21, 22
51, 21, 22
0, 21, 23
51, 21, 23
0, 21, 24
51, 21, 24
0, 21, 25
51, 21, 25
0, 21, 26
51, 21, 26
0, 21, 27
51, 21, 27
0, 21, 28
51, 21, 28
0, 21, 29
51, 21, 29
0, 21, 30
51, 21, 30
1, 21, 31
50, 21, 31
1, 21, 32
50, 21, 32
1, 21, 33
50, 21, 33
1, 21, 34
50, 21, 34
2, 21, 35
49, 21, 35
2, 21, 36
49, 21, 36
3, 21, 37
48, 21, 37
3, 21, 38
48, 21, 38
4, 21, 39
47, 21, 39
4, 21, 40
47, 21, 40
5, 21, 41
46, 21, 41
6, 21, 42
45, 21, 42
7, 21, 43
44, 21, 43
8, 21, 44
43, 21, 44
9, 21, 45
42, 21, 45
10, 21, 46
41, 21, 46
11, 21, 47
12, 21, 47
39, 21, 47
40, 21, 47
13, 21, 48
14, 21, 48
37, 21, 48
38, 21, 48
15, 21, 49
16, 21, 49
35, 21, 49
36, 21, 49
17, 21, 50
18, 21, 50
19, 21, 50
20, 21, 50
31, 21, 50
32, 21, 50
33, 21, 50
34, 21, 50
21, 21, 51
22, 21, 51
23, 21, 51
24, 21, 51
25, 21, 51
26, 21, 51
27, 21, 51
28, 21, 51
29, 21, 51
30, 21, 51
21, 22, 0
22, 22, 0
23, 22, 0
24, 22, 0
25, 22, 0
26, 22, 0
27, 22, 0
28, 22, 0
29, 22, 0
30, 22, 0
17, 22, 1
18, 22, 1
19, 22, 1
20, 22, 1
31, 22, 1
32, 22, 1
33, 22, 1
34, 22, 1
15, 22, 2
16, 22, 2
35, 22, 2
36, 22, 2
13, 22, 3
14, 22, 3
37, 22, 3
38, 22, 3
11, 22, 4
12, 22, 4
39, 22, 4
40, 22, 4
10, 22, 5
41, 22, 5
9, 22, 6
42, 22, 6
8, 22, 7
43, 22, 7
7, 22, 8
44, 22, 8
6, 22, 9
45, 22, 9
5, 22, 10
46, 22, 10
4, 22, 11
47, 22, 11
4, 22, 12
47, 22, 12
3, 22, 13
48, 22, 13
3, 22, 14
48, 22, 14
2, 22, 15
49, 22, 15
2, 22, 16
49, 22, 16
1, 22, 17
50, 22, 17
1, 22, 18
50, 22, 18
1, 22, 19
50, 22, 19
1, 22, 20
50, 22, 20
0, 22, 21
51, 22, 21
0, 22, 22
51, 22, 22
0, 22, 23
51, 22, 23
0, 22, 24
51, 22, 24
0, 22, 25
51, 22, 25
0, 22, 26
51, 22, 26
0, 22, 27
51, 22, 27
0, 22, 28
51, 22, 28
0, 22, 29
51, 22, 29
0, 22, 30
51, 22, 30
1, 22, 31
50, 22, 31
1, 22, 32
50, 22, 32
1, 22, 33
50, 22, 33
1, 22, 34
50, 22, 34
2, 22, 35
49, 22, 35
2, 22, 36
49, 22, 36
3, 22, 37
48, 22, 37
3, 22, 38
48, 22, 38
4, 22, 39
47, 22, 39
4, 22, 40
47, 22, 40
5, 22, 41
46, 22, 41
6, 22, 42
45, 22, 42
7, 22, 43
44, 22, 43
8, 22, 44
43, 22, 44
9, 22, 45
42, 22, 45
10, 22, 46
41, 22, 46
11, 22, 47
12, 22, 47
39, 22, 47
40, 22, 47
13, 22, 48
14, 22, 48
37, 22, 48
38, 22, 48
15, 22, 49
16, 22, 49
35, 22, 49
36, 22, 49
17, 22, 50
18, 22, 50
19, 22, 50
20, 22, 50
31, 22, 50
32, 22, 50
33, 22, 50
34, 22, 50
21, 22, 51
22, 22, 51
23, 22, 51
24, 22, 51
25, 22, 51
26, 22, 51
27, 22, 51
28, 22, 51
29, 22, 51
30, 22, 51
20, 23, 0
21, 23, 0
22, 23, 0
23, 23, 0
24, 23, 0
25, 23, 0
26, 23, 0
27, 23, 0
28, 23, 0
29, 23, 0
30, 23, 0
31, 23, 0
16, 23, 1
17, 23, 1
18, 23, 1
19, 23, 1
32, 23, 1
33, 23, 1
34, 23, 1
35, 23, 1
14, 23, 2
15, 23, 2
36, 23, 2
37, 23, 2
13, 23, 3
38, 23, 3
11, 23, 4
12, 23, 4
39, 23, 4
40, 23, 4
9, 23, 5
10, 23, 5
41, 23, 5
42, 23, 5
8, 23, 6
43, 23, 6
7, 23, 7
44, 23, 7
6, 23, 8
45, 23, 8
5, 23, 9
46, 23, 9
5, 23, 10
46, 23, 10
4, 23, 11
47, 23, 11
4, 23, 12
47, 23, 12
3, 23, 13
48, 23, 13
2, 23, 14
49, 23, 14
2, 23, 15
49, 23, 15
1, 23, 16
50, 23, 16
1, 23, 17
50, 23, 17
1, 23, 18
50, 23, 18
1, 23, 19
50, 23, 19
0, 23, 20
51, 23, 20
0, 23, 21
51, 23, 21
0, 23, 22
51, 23, 22
0, 23, 23
51, 23, 23
0, 23, 24
51, 23, 24
0, 23, 25
51, 23, 25
0, 23, 26
51, 23, 26
0, 23, 27
51, 23, 27
0, 23, 28
51, 23, 28
0, 23, 29
51, 23, 29
0, 23, 30
51, 23, 30
0, 23, 31
51, 23, 31
1, 23, 32
50, 23, 32
1, 23, 33
50, 23, 33
1, 23, 34
50, 23, 34
1, 23, 35
50, 23, 35
2, 23, 36
49, 23, 36
2, 23, 37
49, 23, 37
3, 23, 38
48, 23, 38
4, 23, 39
47, 23, 39
4, 23, 40
47, 23, 40
5, 23, 41
46, 23, 41
5, 23, 42
46, 23, 42
6, 23, 43
45, 23, 43
7, 23, 44
44, 23, 44
8, 23, 45
43, 23, 45
9, 23, 46
10, 23, 46
41, 23, 46
42, 23, 46
11, 23, 47
12, 23, 47
39, 23, 47
40, 23, 47
13, 23, 48
38, 23, 48
14, 23, 49
15, 23, 49
36, 23, 49
37, 23, 49
16, 23, 50
17, 23, 50
18, 23, 50
19, 23, 50
32, 23, 50
33, 23, 50
34, 23, 50
35, 23, 50
20, 23, 51
21, 23, 51
22, 23, 51
23, 23, 51
24, 23, 51
25, 23, 51
26, 23, 51
27, 23, 51
28, 23, 51
29, 23, 51
30, 23, 51
31, 23, 51
20, 24, 0
21, 24, 0
22, 24, 0
23, 24, 0
24, 24, 0
25, 24, 0
26, 24, 0
27, 24, 0
28, 24, 0
29, 24, 0
30, 24, 0
31, 24, 0
16, 24, 1
17, 24, 1
18, 24, 1
19, 24, 1
32, 24, 1
33, 24, 1
34, 24, 1
35, 24, 1
14, 24, 2
15, 24, 2
36, 24, 2
37, 24, 2
12, 24, 3
13, 24, 3
38, 24, 3
39, 24, 3
10, 24, 4
11, 24, 4
40, 24, 4
41, 24, 4
9, 24, 5
42, 24, 5
8, 24, 6
43, 24, 6
7, 24, 7
44, 24, 7
6, 24, 8
45, 24, 8
5, 24, 9
46, 24, 9
4, 24, 10
47, 24, 10
4, 24, 11
47, 24, 11
3, 24, 12
48, 24, 12
3, 24, 13
48, 24, 13
2, 24, 14
49, 24, 14
2, 24, 15
49, 24, 15
1, 24, 16
50, 24, 16
1, 24, 17
50, 24, 17
1, 24, 18
50, 24, 18
1, 24, 19
50, 24, 19
0, 24, 20
51, 24, 20
0, 24, 21
51, 24, 21
0, 24, 22
51, 24, 22
0, 24, 23
51, 24, 23
0, 24, 24
51, 24, 24
0, 24, 25
51, 24, 25
0, 24, 26
51, 24, 26
0, 24, 27
51, 24, 27
0, 24, 28
51, 24, 28
0, 24, 29
51, 24, 29
0, 24, 30
51, 24, 30
0, 24, 31
51, 24, 31
1, 24, 32
50, 24, 32
1, 24, 33
50, 24, 33
1, 24, 34
50, 24, 34
1, 24, 35
50, 24, 35
2, 24, 36
49, 24, 36
2, 24, 37
49, 24, 37
3, 24, 38
48, 24, 38
3, 24, 39
48, 24, 39
4, 24, 40
47, 24, 40
4, 24, 41
47, 24, 41
5, 24, 42
46, 24, 42
6, 24, 43
45, 24, 43
7, 24, 44
44, 24, 44
8, 24, 45
43, 24, 45
9, 24, 46
42, 24, 46
10, 24, 47
11, 24, 47
40, 24, 47
41, 24, 47
12, 24, 48
13, 24, 48
38, 24, 48
39, 24, 48
14, 24, 49
15, 24, 49
36, 24, 49
37, 24, 49
16, 24, 50
17, 24, 50
18, 24, 50
19, 24, 50
32, 24, 50
33, 24, 50
34, 24, 50
35, 24, 50
20, 24, 51
21, 24, 51
22, 24, 51
23, 24, 51
24, 24, 51
25, 24, 51
26, 24, 51
27, 24, 51
28, 24, 51
29, 24, 51
30, 24, 51
31, 24, 51
19, 25, 0
20, 25, 0
21, 25, 0
22, 25, 0
23, 25, 0
24, 25, 0
25, 25, 0
26, 25, 0
27, 25, 0
28, 25, 0
29, 25, 0
30, 25, 0
31, 25, 0
32, 25, 0
16, 25, 1
17, 25, 1
18, 25, 1
33, 25, 1
34, 25, 1
35, 25, 1
14, 25, 2
15, 25, 2
36, 25, 2
37, 25, 2
12, 25, 3
13, 25, 3
38, 25, 3
39, 25, 3
10, 25, 4
11, 25, 4
40, 25, 4
41, 25, 4
9, 25, 5
42, 25, 5
8, 25, 6
43, 25, 6
7, 25, 7
44, 25, 7
6, 25, 8
45, 25, 8
5, 25, 9
46, 25, 9
4, 25, 10
47, 25, 10
4, 25, 11
47, 25, 11
3, 25, 12
48, 25, 12
3, 25, 13
48, 25, 13
2, 25, 14
49, 25, 14
2, 25, 15
49, 25, 15
1, 25, 16
50, 25, 16
1, 25, 17
50, 25, 17
1, 25, 18
50, 25, 18
0, 25, 19
51, 25, 19
0, 25, 20
51, 25, 20
0, 25, 21
51, 25, 21
0, 25, 22
51, 25, 22
0, 25, 23
51, 25, 23
0, 25, 24
51, 25, 24
0, 25, 25
51, 25, 25
0, 25, 26
51, 25, 26
0, 25, 27
51, 25, 27
0, 25, 28
51, 25, 28
0, 25, 29
51, 25, 29
0, 25, 30
51, 25, 30
0, 25, 31
51, 25, 31
0, 25, 32
51, 25, 32
1, 25, 33
50, 25, 33
1, 25, 34
50, 25, 34
1, 25, 35
50, 25, 35
2, 25, 36
49, 25, 36
2, 25, 37
49, 25, 37
3, 25, 38
48, 25, 38
3, 25, 39
48, 25, 39
4, 25, 40
47, 25, 40
4, 25, 41
47, 25, 41
5, 25, 42
46, 25, 42
6, 25, 43
45, 25, 43
7, 25, 44
44, 25, 44
8, 25, 45
43, 25, 45
9, 25, 46
42, 25, 46
10, 25, 47
11, 25, 47
40, 25, 47
41, 25, 47
12, 25, 48
13, 25, 48
38, 25, 48
39, 25, 48
14, 25, 49
15, 25, 49
36, 25, 49
37, 25, 49
16, 25, 50
17, 25, 50
18, 25, 50
33, 25, 50
34, 25, 50
35, 25, 50
19, 25, 51
20, 25, 51
21, 25, 51
22, 25, 51
23, 25, 51
24, 25, 51
25, 25, 51
26, 25, 51
27, 25, 51
28, 25, 51
29, 25, 51
30, 25, 51
31, 25, 51
32, 25, 51
19, 26, 0
20, 26, 0
21, 26, 0
22, 26, 0
23, 26, 0
24, 26, 0
25, 26, 0
26, 26, 0
27, 26, 0
28, 26, 0
29, 26, 0
30, 26, 0
31, 26, 0
32, 26, 0
16, 26, 1
17, 26, 1
18, 26, 1
33, 26, 1
34, 26, 1
35, 26, 1
14, 26, 2
15, 26, 2
36, 26, 2
37, 26, 2
12, 26, 3
13, 26, 3
38, 26, 3
39, 26, 3
10, 26, 4
11, 26, 4
40, 26, 4
41, 26, 4
9, 26, 5
42, 26, 5
8, 26, 6
43, 26, 6
7, 26, 7
44, 26, 7
6, 26, 8
45, 26, 8
5, 26, 9
46, 26, 9
4, 26, 10
47, 26, 10
4, 26, 11
47, 26, 11
3, 26, 12
48, 26, 12
3, 26, 13
48, 26, 13
2, 26, 14
49, 26, 14
2, 26, 15
49, 26, 15
1, 26, 16
50, 26, 16
1, 26, 17
50, 26, 17
1, 26, 18
50, 26, 18
0, 26, 19
51, 26, 19
0, 26, 20
51, 26, 20
0, 26, 21
51, 26, 21
0, 26, 22
51, 26, 22
0, 26, 23
51, 26, 23
0, 26, 24
51, 26, 24
0, 26, 25
51, 26, 25
0, 26, 26
51, 26, 26
0, 26, 27
51, 26, 27
0, 26, 28
51, 26, 28
0, 26, 29
51, 26, 29
0, 26, 30
51, 26, 30
0, 26, 31
51, 26, 31
0, 26, 32
51, 26, 32
1, 26, 33
50, 26, 33
1, 26, 34
50, 26, 34
1, 26, 35
50, 26, 35
2, 26, 36
49, 26, 36
2, 26, 37
49, 26, 37
3, 26, 38
48, 26, 38
3, 26, 39
48, 26, 39
4, 26, 40
47, 26, 40
4, 26, 41
47, 26, 41
5, 26, 42
46, 26, 42
6, 26, 43
45, 26, 43
7, 26, 44
44, 26, 44
8, 26, 45
43, 26, 45
9, 26, 46
42, 26, 46
10, 26, 47
11, 26, 47
40, 26, 47
41, 26, 47
12, 26, 48
13, 26, 48
38, 26, 48
39, 26, 48
14, 26, 49
15, 26, 49
36, 26, 49
37, 26, 49
16, 26, 50
17, 26, 50
18, 26, 50
33, 26, 50
34, 26, 50
35, 26, 50
19, 26, 51
20, 26, 51
21, 26, 51
22, 26, 51
23, 26, 51
24, 26, 51
25, 26, 51
26, 26, 51
27, 26, 51
28, 26, 51
29, 26, 51
30, 26, 51
31, 26, 51
32, 26, 51
20, 27, 0
21, 27, 0
22, 27, 0
23, 27, 0
24, 27, 0
25, 27, 0
26, 27, 0
27, 27, 0
28, 27, 0
29, 27, 0
30, 27, 0
31, 27, 0
16, 27, 1
17, 27, 1
18, 27, 1
19, 27, 1
32, 27, 1
33, 27, 1
34, 27, 1
35, 27, 1
14, 27, 2
15, 27, 2
36, 27, 2
37, 27, 2
12, 27, 3
13, 27, 3
38, 27, 3
39, 27, 3
10, 27, 4
11, 27, 4
40, 27, 4
41, 27, 4
9, 27, 5
42, 27, 5
8, 27, 6
43, 27, 6
7, 27, 7
44, 27, 7
6, 27, 8
45, 27, 8
5, 27, 9
46, 27, 9
4, 27, 10
47, 27, 10
4, 27, 11
47, 27, 11
3, 27, 12
48, 27, 12
3, 27, 13
48, 27, 13
2, 27, 14
49, 27, 14
2, 27, 15
49, 27, 15
1, 27, 16
50, 27, 16
1, 27, 17
50, 27, 17
1, 27, 18
50, 27, 18
1, 27, 19
50, 27, 19
0, 27, 20
51, 27, 20
0, 27, 21
51, 27, 21
0, 27, 22
51, 27, 22
0, 27, 23
51, 27, 23
0, 27, 24
51, 27, 24
0, 27, 25
51, 27, 25
0, 27, 26
51, 27, 26
0, 27, 27
51, 27, 27
0, 27, 28
51, 27, 28
0, 27, 29
51, 27, 29
0, 27, 30
51, 27, 30
0, 27, 31
51, 27, 31
1, 27, 32
50, 27, 32
1, 27, 33
50, 27, 33
1, 27, 34
50, 27, 34
1, 27, 35
50, 27, 35
2, 27, 36
49, 27, 36
2, 27, 37
49, 27, 37
3, 27, 38
48, 27, 38
3, 27, 39
48, 27, 39
4, 27, 40
47, 27, 40
4, 27, 41
47, 27, 41
5, 27, 42
46, 27, 42
6, 27, 43
45, 27, 43
7, 27, 44
44, 27, 44
8, 27, 45
43, 27, 45
9, 27, 46
42, 27, 46
10, 27, 47
11, 27, 47
40, 27, 47
41, 27, 47
12, 27, 48
13, 27, 48
38, 27, 48
39, 27, 48
14, 27, 49
15, 27, 49
36, 27, 49
37, 27, 49
16, 27, 50
17, 27, 50
18, 27, 50
19, 27, 50
32, 27, 50
33, 27, 50
34, 27, 50
35, 27, 50
20, 27, 51
21, 27, 51
22, 27, 51
23, 27, 51
24, 27, 51
25, 27, 51
26, 27, 51
27, 27, 51
28, 27, 51
29, 27, 51
30, 27, 51
31, 27, 51
20, 28, 0
21, 28, 0
22, 28, 0
23, 28, 0
24, 28, 0
25, 28, 0
26, 28, 0
27, 28, 0
28, 28, 0
29, 28, 0
30, 28, 0
31, 28, 0
16, 28, 1
17, 28, 1
18, 28, 1
19, 28, 1
32, 28, 1
33, 28, 1
34, 28, 1
35, 28, 1
14, 28, 2
15, 28, 2
36, 28, 2
37, 28, 2
13, 28, 3
38, 28, 3
11, 28, 4
12, 28, 4
39, 28, 4
40, 28, 4
9, 28, 5
10, 28, 5
41, 28, 5
42, 28, 5
8, 28, 6
43, 28, 6
7, 28, 7
44, 28, 7
6, 28, 8
45, 28, 8
5, 28, 9
46, 28, 9
5, 28, 10
46, 28, 10
4, 28, 11
47, 28, 11
4, 28, 12
47, 28, 12
3, 28, 13
48, 28, 13
2, 28, 14
49, 28, 14
2, 28, 15
49, 28, 15
1, 28, 16
50, 28, 16
1, 28, 17
50, 28, 17
1, 28, 18
50, 28, 18
1, 28, 19
50, 28, 19
0, 28, 20
51, 28, 20
0, 28, 21
51, 28, 21
0, 28, 22
51, 28, 22
0, 28, 23
51, 28, 23
0, 28, 24
51, 28, 24
0, 28, 25
51, 28, 25
0, 28, 26
51, 28, 26
0, 28, 27
51, 28, 27
0, 28, 28
51, 28, 28
0, 28, 29
51, 28, 29
0, 28, 30
51, 28, 30
0, 28, 31
51, 28, 31
1, 28, 32
50, 28, 32
1, 28, 33
50, 28, 33
1, 28, 34
50, 28, 34
1, 28, 35
50, 28, 35
2, 28, 36
49, 28, 36
2, 28, 37
49, 28, 37
3, 28, 38
48, 28, 38
4, 28, 39
47, 28, 39
4, 28, 40
47, 28, 40
5, 28, 41
46, 28, 41
5, 28, 42
46, 28, 42
6, 28, 43
45, 28, 43
7, 28, 44
44, 28, 44
8, 28, 45
43, 28, 45
9, 28, 46
10, 28, 46
41, 28, 46
42, 28, 46
11, 28, 47
12, 28, 47
39, 28, 47
40, 28, 47
13, 28, 48
38, 28, 48
14, 28, 49
15, 28, 49
36, 28, 49
37, 28, 49
16, 28, 50
17, 28, 50
18, 28, 50
19, 28, 50
32, 28, 50
33, 28, 50
34, 28, 50
35, 28, 50
20, 28, 51
21, 28, 51
22, 28, 51
23, 28, 51
24, 28, 51
25, 28, 51
26, 28, 51
27, 28, 51
28, 28, 51
29, 28, 51
30, 28, 51
31, 28, 51
21, 29, 0
22, 29, 0
23, 29, 0
24, 29, 0
25, 29, 0
26, 29, 0
27, 29, 0
28, 29, 0
29, 29, 0
30, 29, 0
17, 29, 1
18, 29, 1
19, 29, 1
20, 29, 1
31, 29, 1
32, 29, 1
33, 29, 1
34, 29, 1
15, 29, 2
16, 29, 2
35, 29, 2
36, 29, 2
13, 29, 3
14, 29, 3
37, 29, 3
38, 29, 3
11, 29, 4
12, 29, 4
39, 29, 4
40, 29, 4
10, 29, 5
41, 29, 5
9, 29, 6
42, 29, 6
8, 29, 7
43, 29, 7
7, 29, 8
44, 29, 8
6, 29, 9
45, 29, 9
5, 29, 10
46, 29, 10
4, 29, 11
47, 29, 11
4, 29, 12
47, 29, 12
3, 29, 13
48, 29, 13
3, 29, 14
48, 29, 14
2, 29, 15
49, 29, 15
2, 29, 16
49, 29, 16
1, 29, 17
50, 29, 17
1, 29, 18
50, 29, 18
1, 29, 19
50, 29, 19
1, 29, 20
50, 29, 20
0, 29, 21
51, 29, 21
0, 29, 22
51, 29, 22
0, 29, 23
51, 29, 23
0, 29, 24
51, 29, 24
0, 29, 25
51, 29, 25
0, 29, 26
51, 29, 26
0, 29, 27
51, 29, 27
0, 29, 28
51, 29, 28
0, 29, 29
51, 29, 29
0, 29, 30
51, 29, 30
1, 29, 31
50, 29, 31
1, 29, 32
50, 29, 32
1, 29, 33
50, 29, 33
1, 29, 34
50, 29, 34
2, 29, 35
49, 29, 35
2, 29, 36
49, 29, 36
3, 29, 37
48, 29, 37
3, 29, 38
48, 29, 38
4, 29, 39
47, 29, 39
4, 29, 40
47, 29, 40
5, 29, 41
46, 29, 41
6, 29, 42
45, 29, 42
7, 29, 43
44, 29, 43
8, 29, 44
43, 29, 44
9, 29, 45
42, 29, 45
10, 29, 46
41, 29, 46
11, 29, 47
12, 29, 47
39, 29, 47
40, 29, 47
13, 29, 48
14, 29, 48
37, 29, 48
38, 29, 48
15, 29, 49
16, 29, 49
35, 29, 49
36, 29, 49
17, 29, 50
18, 29, 50
19, 29, 50
20, 29, 50
31, 29, 50
32, 29, 50
33, 29, 50
34, 29, 50
21, 29, 51
22, 29, 51
23, 29, 51
24, 29, 51
25, 29, 51
26, 29, 51
27, 29, 51
28, 29, 51
29, 29, 51
30, 29, 51
21, 30, 0
22, 30, 0
23, 30, 0
24, 30, 0
25, 30, 0
26, 30, 0
27, 30, 0
28, 30, 0
29, 30, 0
30, 30, 0
17, 30, 1
18, 30, 1
19, 30, 1
20, 30, 1
31, 30, 1
32, 30, 1
33, 30, 1
34, 30, 1
15, 30, 2
16, 30, 2
35, 30, 2
36, 30, 2
13, 30, 3
14, 30, 3
37, 30, 3
38, 30, 3
11, 30, 4
12, 30, 4
39, 30, 4
40, 30, 4
10, 30, 5
41, 30, 5
9, 30, 6
42, 30, 6
8, 30, 7
43, 30, 7
7, 30, 8
44, 30, 8
6, 30, 9
45, 30, 9
5, 30, 10
46, 30, 10
4, 30, 11
47, 30, 11
4, 30, 12
47, 30, 12
3, 30, 13
48, 30, 13
3, 30, 14
48, 30, 14
2, 30, 15
49, 30, 15
2, 30, 16
49, 30, 16
1, 30, 17
50, 30, 17
1, 30, 18
50, 30, 18
1, 30, 19
50, 30, 19
1, 30, 20
50, 30, 20
0, 30, 21
51, 30, 21
0, 30, 22
51, 30, 22
0, 30, 23
51, 30, 23
0, 30, 24
51, 30, 24
0, 30, 25
51, 30, 25
0, 30, 26
51, 30, 26
0, 30, 27
51, 30, 27
0, 30, 28
51, 30, 28
0, 30, 29
51, 30, 29
0, 30, 30
51, 30, 30
1, 30, 31
50, 30, 31
1, 30, 32
50, 30, 32
1, 30, 33
50, 30, 33
1, 30, 34
50, 30, 34
2, 30, 35
49, 30, 35
2, 30, 36
49, 30, 36
3, 30, 37
48, 30, 37
3, 30, 38
48, 30, 38
4, 30, 39
47, 30, 39
4, 30, 40
47, 30, 40
5, 30, 41
46, 30, 41
6, 30, 42
45, 30, 42
7, 30, 43
44, 30, 43
8, 30, 44
43, 30, 44
9, 30, 45
42, 30, 45
10, 30, 46
41, 30, 46
11, 30, 47
12, 30, 47
39, 30, 47
40, 30, 47
13, 30, 48
14, 30, 48
37, 30, 48
38, 30, 48
15, 30, 49
16, 30, 49
35, 30, 49
36, 30, 49
17, 30, 50
18, 30, 50
19, 30, 50
20, 30, 50
31, 30, 50
32, 30, 50
33, 30, 50
34, 30, 50
21, 30, 51
22, 30, 51
23, 30, 51
24, 30, 51
25, 30, 51
26, 30, 51
27, 30, 51
28, 30, 51
29, 30, 51
30, 30, 51
23, 31, 0
24, 31, 0
25, 31, 0
26, 31, 0
27, 31, 0
28, 31, 0
17, 31, 1
18, 31, 1
19, 31, 1
20, 31, 1
21, 31, 1
22, 31, 1
29, 31, 1
30, 31, 1
31, 31, 1
32, 31, 1
33, 31, 1
34, 31, 1
15, 31, 2
16, 31, 2
35, 31, 2
36, 31, 2
13, 31, 3
14, 31, 3
37, 31, 3
38, 31, 3
11, 31, 4
12, 31, 4
39, 31, 4
40, 31, 4
10, 31, 5
41, 31, 5
9, 31, 6
42, 31, 6
8, 31, 7
43, 31, 7
7, 31, 8
44, 31, 8
6, 31, 9
45, 31, 9
5, 31, 10
46, 31, 10
4, 31, 11
47, 31, 11
4, 31, 12
47, 31, 12
3, 31, 13
48, 31, 13
3, 31, 14
48, 31, 14
2, 31, 15
49, 31, 15
2, 31, 16
49, 31, 16
1, 31, 17
50, 31, 17
1, 31, 18
50, 31, 18
1, 31, 19
50, 31, 19
1, 31, 20
50, 31, 20
1, 31, 21
50, 31, 21
1, 31, 22
50, 31, 22
0, 31, 23
51, 31, 23
0, 31, 24
51, 31, 24
0, 31, 25
51, 31, 25
0, 31, 26
51, 31, 26
0, 31, 27
51, 31, 27
0, 31, 28
51, 31, 28
1, 31, 29
50, 31, 29
1, 31, 30
50, 31, 30
1, 31, 31
50, 31, 31
1, 31, 32
50, 31, 32
1, 31, 33
50, 31, 33
1, 31, 34
50, 31, 34
2, 31, 35
49, 31, 35
2, 31, 36
49, 31, 36
3, 31, 37
48, 31, 37
3, 31, 38
48, 31, 38
4, 31, 39
47, 31, 39
4, 31, 40
47, 31, 40
5, 31, 41
46, 31, 41
6, 31, 42
45, 31, 42
7, 31, 43
44, 31, 43
8, 31, 44
43, 31, 44
9, 31, 45
42, 31, 45
10, 31, 46
41, 31, 46
11, 31, 47
12, 31, 47
39, 31, 47
40, 31, 47
13, 31, 48
14, 31, 48
37, 31, 48
38, 31, 48
15, 31, 49
16, 31, 49
35, 31, 49
36, 31, 49
17, 31, 50
18, 31, 50
19, 31, 50
20, 31, 50
21, 31, 50
22, 31, 50
29, 31, 50
30, 31, 50
31, 31, 50
32, 31, 50
33, 31, 50
34, 31, 50
23, 31, 51
24, 31, 51
25, 31, 51
26, 31, 51
27, 31, 51
28, 31, 51
24, 32, 0
25, 32, 0
26, 32, 0
27, 32, 0
18, 32, 1
19, 32, 1
20, 32, 1
21, 32, 1
22, 32, 1
23, 32, 1
28, 32, 1
29, 32, 1
30, 32, 1
31, 32, 1
32, 32, 1
33, 32, 1
16, 32, 2
17, 32, 2
34, 32, 2
35, 32, 2
14, 32, 3
15, 32, 3
36, 32, 3
37, 32, 3
12, 32, 4
13, 32, 4
38, 32, 4
39, 32, 4
10, 32, 5
11, 32, 5
40, 32, 5
41, 32, 5
9, 32, 6
42, 32, 6
8, 32, 7
43, 32, 7
7, 32, 8
44, 32, 8
6, 32, 9
45, 32, 9
5, 32, 10
46, 32, 10
5, 32, 11
46, 32, 11
4, 32, 12
47, 32, 12
4, 32, 13
47, 32, 13
3, 32, 14
48, 32, 14
3, 32, 15
48, 32, 15
2, 32, 16
49, 32, 16
2, 32, 17
49, 32, 17
1, 32, 18
50, 32, 18
1, 32, 19
50, 32, 19
1, 32, 20
50, 32, 20
1, 32, 21
50, 32, 21
1, 32, 22
50, 32, 22
1, 32, 23
50, 32, 23
0, 32, 24
51, 32, 24
0, 32, 25
51, 32, 25
0, 32, 26
51, 32, 26
0, 32, 27
51, 32, 27
1, 32, 28
50, 32, 28
1, 32, 29
50, 32, 29
1, 32, 30
50, 32, 30
1, 32, 31
50, 32, 31
1, 32, 32
50, 32, 32
1, 32, 33
50, 32, 33
2, 32, 34
49, 32, 34
2, 32, 35
49, 32, 35
3, 32, 36
48, 32, 36
3, 32, 37
48, 32, 37
4, 32, 38
47, 32, 38
4, 32, 39
47, 32, 39
5, 32, 40
46, 32, 40
5, 32, 41
46, 32, 41
6, 32, 42
45, 32, 42
7, 32, 43
44, 32, 43
8, 32, 44
43, 32, 44
9, 32, 45
42, 32, 45
10, 32, 46
11, 32, 46
40, 32, 46
41, 32, 46
12, 32, 47
13, 32, 47
38, 32, 47
39, 32, 47
14, 32, 48
15, 32, 48
36, 32, 48
37, 32, 48
16, 32, 49
17, 32, 49
34, 32, 49
35, 32, 49
18, 32, 50
19, 32, 50
20, 32, 50
21, 32, 50
22, 32, 50
23, 32, 50
28, 32, 50
29, 32, 50
30, 32, 50
31, 32, 50
32, 32, 50
33, 32, 50
24, 32, 51
25, 32, 51
26, 32, 51
27, 32, 51
20, 33, 1
21, 33, 1
22, 33, 1
23, 33, 1
24, 33, 1
25, 33, 1
26, 33, 1
27, 33, 1
28, 33, 1
29, 33, 1
30, 33, 1
31, 33, 1
16, 33, 2
17, 33, 2
18, 33, 2
19, 33, 2
32, 33, 2
33, 33, 2
34, 33, 2
35, 33, 2
14, 33, 3
15, 33, 3
36, 33, 3
37, 33, 3
12, 33, 4
13, 33, 4
38, 33, 4
39, 33, 4
11, 33, 5
40, 33, 5
10, 33, 6
41, 33, 6
9, 33, 7
42, 33, 7
8, 33, 8
43, 33, 8
7, 33, 9
44, 33, 9
6, 33, 10
45, 33, 10
5, 33, 11
46, 33, 11
4, 33, 12
47, 33, 12
4, 33, 13
47, 33, 13
3, 33, 14
48, 33, 14
3, 33, 15
48, 33, 15
2, 33, 16
49, 33, 16
2, 33, 17
49, 33, 17
2, 33, 18
49, 33, 18
2, 33, 19
49, 33, 19
1, 33, 20
50, 33, 20
1, 33, 21
50, 33, 21
1, 33, 22
50, 33, 22
1, 33, 23
50, 33, 23
1, 33, 24
50, 33, 24
1, 33, 25
50, 33, 25
1, 33, 26
50, 33, 26
1, 33, 27
50, 33, 27
1, 33, 28
50, 33, 28
1, 33, 29
50, 33, 29
1, 33, 30
50, 33, 30
1, 33, 31
50, 33, 31
2, 33, 32
49, 33, 32
2, 33, 33
49, 33, 33
2, 33, 34
49, 33, 34
2, 33, 35
49, 33, 35
3, 33, 36
48, 33, 36
3, 33, 37
48, 33, 37
4, 33, 38
47, 33, 38
4, 33, 39
47, 33, 39
5, 33, 40
46, 33, 40
6, 33, 41
45, 33, 41
7, 33, 42
44, 33, 42
8, 33, 43
43, 33, 43
9, 33, 44
42, 33, 44
10, 33, 45
41, 33, 45
11, 33, 46
40, 33, 46
12, 33, 47
13, 33, 47
38, 33, 47
39, 33, 47
14, 33, 48
15, 33, 48
36, 33, 48
37, 33, 48
16, 33, 49
17, 33, 49
18, 33, 49
19, 33, 49
32, 33, 49
33, 33, 49
34, 33, 49
35, 33, 49
20, 33, 50
21, 33, 50
22, 33, 50
23, 33, 50
24, 33, 50
25, 33, 50
26, 33, 50
27, 33, 50
28, 33, 50
29, 33, 50
30, 33, 50
31, 33, 50
21, 34, 1
22, 34, 1
23, 34, 1
24, 34, 1
25, 34, 1
26, 34, 1
27, 34, 1
28, 34, 1
29, 34, 1
30, 34, 1
17, 34, 2
18, 34, 2
19, 34, 2
20, 34, 2
31, 34, 2
32, 34, 2
33, 34, 2
34, 34, 2
15, 34, 3
16, 34, 3
35, 34, 3
36, 34, 3
13, 34, 4
14, 34, 4
37, 34, 4
38, 34, 4
11, 34, 5
12, 34, 5
39, 34, 5
40, 34, 5
10, 34, 6
41, 34, 6
9, 34, 7
42, 34, 7
8, 34, 8
43, 34, 8
7, 34, 9
44, 34, 9
6, 34, 10
45, 34, 10
5, 34, 11
46, 34, 11
5, 34, 12
46, 34, 12
4, 34, 13
47, 34, 13
4, 34, 14
47, 34, 14
3, 34, 15
48, 34, 15
3, 34, 16
48, 34, 16
2, 34, 17
49, 34, 17
2, 34, 18
49, 34, 18
2, 34, 19
49, 34, 19
2, 34, 20
49, 34, 20
1, 34, 21
50, 34, 21
1, 34, 22
50, 34, 22
1, 34, 23
50, 34, 23
1, 34, 24
50, 34, 24
1, 34, 25
50, 34, 25
1, 34, 26
50, 34, 26
1, 34, 27
50, 34, 27
1, 34, 28
50, 34, 28
1, 34, 29
50, 34, 29
1, 34, 30
50, 34, 30
2, 34, 31
49, 34, 31
2, 34, 32
49, 34, 32
2, 34, 33
49, 34, 33
2, 34, 34
49, 34, 34
3, 34, 35
48, 34, 35
3, 34, 36
48, 34, 36
4, 34, 37
47, 34, 37
4, 34, 38
47, 34, 38
5, 34, 39
46, 34, 39
5, 34, 40
46, 34, 40
6, 34, 41
45, 34, 41
7, 34, 42
44, 34, 42
8, 34, 43
43, 34, 43
9, 34, 44
42, 34, 44
10, 34, 45
41, 34, 45
11, 34, 46
12, 34, 46
39, 34, 46
40, 34, 46
13, 34, 47
14, 34, 47
37, 34, 47
38, 34, 47
15, 34, 48
16, 34, 48
35, 34, 48
36, 34, 48
17, 34, 49
18, 34, 49
19, 34, 49
20, 34, 49
31, 34, 49
32, 34, 49
33, 34, 49
34, 34, 49
21, 34, 50
22, 34, 50
23, 34, 50
24, 34, 50
25, 34, 50
26, 34, 50
27, 34, 50
28, 34, 50
29, 34, 50
30, 34, 50
24, 35, 1
25, 35, 1
26, 35, 1
27, 35, 1
18, 35, 2
19, 35, 2
20, 35, 2
21, 35, 2
22, 35, 2
23, 35, 2
28, 35, 2
29, 35, 2
30, 35, 2
31, 35, 2
32, 35, 2
33, 35, 2
16, 35, 3
17, 35, 3
34, 35, 3
35, 35, 3
14, 35, 4
15, 35, 4
36, 35, 4
37, 35, 4
12, 35, 5
13, 35, 5
38, 35, 5
39, 35, 5
11, 35, 6
40, 35, 6
10, 35, 7
41, 35, 7
9, 35, 8
42, 35, 8
8, 35, 9
43, 35, 9
7, 35, 10
44, 35, 10
6, 35, 11
45, 35, 11
5, 35, 12
46, 35, 12
5, 35, 13
46, 35, 13
4, 35, 14
47, 35, 14
4, 35, 15
47, 35, 15
3, 35, 16
48, 35, 16
3, 35, 17
48, 35, 17
2, 35, 18
49, 35, 18
2, 35, 19
49, 35, 19
2, 35, 20
49, 35, 20
2, 35, 21
49, 35, 21
2, 35, 22
49, 35, 22
2, 35, 23
49, 35, 23
1, 35, 24
50, 35, 24
1, 35, 25
50, 35, 25
1, 35, 26
50, 35, 26
1, 35, 27
50, 35, 27
2, 35, 28
49, 35, 28
2, 35, 29
49, 35, 29
2, 35, 30
49, 35, 30
2, 35, 31
49, 35, 31
2, 35, 32
49, 35, 32
2, 35, 33
49, 35, 33
3, 35, 34
48, 35, 34
3, 35, 35
48, 35, 35
4, 35, 36
47, 35, 36
4, 35, 37
47, 35, 37
5, 35, 38
46, 35, 38
5, 35, 39
46, 35, 39
6, 35, 40
45, 35, 40
7, 35, 41
44, 35, 41
8, 35, 42
43, 35, 42
9, 35, 43
42, 35, 43
10, 35, 44
41, 35, 44
11, 35, 45
40, 35, 45
12, 35, 46
13, 35, 46
38, 35, 46
39, 35, 46
14, 35, 47
15, 35, 47
36, 35, 47
37, 35, 47
16, 35, 48
17, 35, 48
34, 35, 48
35, 35, 48
18, 35, 49
19, 35, 49
20, 35, 49
21, 35, 49
22, 35, 49
23, 35, 49
28, 35, 49
29, 35, 49
30, 35, 49
31, 35, 49
32, 35, 49
33, 35, 49
24, 35, 50
25, 35, 50
26, 35, 50
27, 35, 50
20, 36, 2
21, 36, 2
22, 36, 2
23, 36, 2
24, 36, 2
25, 36, 2
26, 36, 2
27, 36, 2
28, 36, 2
29, 36, 2
30, 36, 2
31, 36, 2
17, 36, 3
18, 36, 3
19, 36, 3
32, 36, 3
33, 36, 3
34, 36, 3
15, 36, 4
16, 36, 4
35, 36, 4
36, 36, 4
13, 36, 5
14, 36, 5
37, 36, 5
38, 36, 5
11, 36, 6
12, 36, 6
39, 36, 6
40, 36, 6
10, 36, 7
41, 36, 7
9, 36, 8
42, 36, 8
8, 36, 9
43, 36, 9
7, 36, 10
44, 36, 10
6, 36, 11
45, 36, 11
6, 36, 12
45, 36, 12
5, 36, 13
46, 36, 13
5, 36, 14
46, 36, 14
4, 36, 15
47, 36, 15
4, 36, 16
47, 36, 16
3, 36, 17
48, 36, 17
3, 36, 18
48, 36, 18
3, 36, 19
48, 36, 19
2, 36, 20
49, 36, 20
2, 36, 21
49, 36, 21
2, 36, 22
49, 36, 22
2, 36, 23
49, 36, 23
2, 36, 24
49, 36, 24
2, 36, 25
49, 36, 25
2, 36, 26
49, 36, 26
2, 36, 27
49, 36, 27
2, 36, 28
49, 36, 28
2, 36, 29
49, 36, 29
2, 36, 30
49, 36, 30
2, 36, 31
49, 36, 31
3, 36, 32
48, 36, 32
3, 36, 33
48, 36, 33
3, 36, 34
48, 36, 34
4, 36, 35
47, 36, 35
4, 36, 36
47, 36, 36
5, 36, 37
46, 36, 37
5, 36, 38
46, 36, 38
6, 36, 39
45, 36, 39
6, 36, 40
45, 36, 40
7, 36, 41
44, 36, 41
8, 36, 42
43, 36, 42
9, 36, 43
42, 36, 43
10, 36, 44
41, 36, 44
11, 36, 45
12, 36, 45
39, 36, 45
40, 36, 45
13, 36, 46
14, 36, 46
37, 36, 46
38, 36, 46
15, 36, 47
16, 36, 47
35, 36, 47
36, 36, 47
17, 36, 48
18, 36, 48
19, 36, 48
32, 36, 48
33, 36, 48
34, 36, 48
20, 36, 49
21, 36, 49
22, 36, 49
23, 36, 49
24, 36, 49
25, 36, 49
26, 36, 49
27, 36, 49
28, 36, 49
29, 36, 49
30, 36, 49
31, 36, 49
23, 37, 2
24, 37, 2
25, 37, 2
26, 37, 2
27, 37, 2
28, 37, 2
18, 37, 3
19, 37, 3
20, 37, 3
21, 37, 3
22, 37, 3
29, 37, 3
30, 37, 3
31, 37, 3
32, 37, 3
33, 37, 3
16, 37, 4
17, 37, 4
34, 37, 4
35, 37, 4
14, 37, 5
15, 37, 5
36, 37, 5
37, 37, 5
12, 37, 6
13, 37, 6
38, 37, 6
39, 37, 6
11, 37, 7
40, 37, 7
10, 37, 8
41, 37, 8
9, 37, 9
42, 37, 9
8, 37, 10
43, 37, 10
7, 37, 11
44, 37, 11
6, 37, 12
45, 37, 12
6, 37, 13
45, 37, 13
5, 37, 14
46, 37, 14
5, 37, 15
46, 37, 15
4, 37, 16
47, 37, 16
4, 37, 17
47, 37, 17
3, 37, 18
48, 37, 18
3, 37, 19
48, 37, 19
3, 37, 20
48, 37, 20
3, 37, 21
48, 37, 21
3, 37, 22
48, 37, 22
2, 37, 23
49, 37, 23
2, 37, 24
49, 37, 24
2, 37, 25
49, 37, 25
2, 37, 26
49, 37, 26
2, 37, 27
49, 37, 27
2, 37, 28
49, 37, 28
3, 37, 29
48, 37, 29
3, 37, 30
48, 37, 30
3, 37, 31
48, 37, 31
3, 37, 32
48, 37, 32
3, 37, 33
48, 37, 33
4, 37, 34
47, 37, 34
4, 37, 35
47, 37, 35
5, 37, 36
46, 37, 36
5, 37, 37
46, 37, 37
6, 37, 38
45, 37, 38
6, 37, 39
45, 37, 39
7, 37, 40
44, 37, 40
8, 37, 41
43, 37, 41
9, 37, 42
42, 37, 42
10, 37, 43
41, 37, 43
11, 37, 44
40, 37, 44
12, 37, 45
13, 37, 45
38, 37, 45
39, 37, 45
14, 37, 46
15, 37, 46
36, 37, 46
37, 37, 46
16, 37, 47
17, 37, 47
34, 37, 47
35, 37, 47
18, 37, 48
19, 37, 48
20, 37, 48
21, 37, 48
22, 37, 48
29, 37, 48
30, 37, 48
31, 37, 48
32, 37, 48
33, 37, 48
23, 37, 49
24, 37, 49
25, 37, 49
26, 37, 49
27, 37, 49
28, 37, 49
26, 38, 2
19, 38, 3
20, 38, 3
21, 38, 3
22, 38, 3
23, 38, 3
24, 38, 3
25, 38, 3
27, 38, 3
28, 38, 3
29, 38, 3
30, 38, 3
31, 38, 3
32, 38, 3
17, 38, 4
18, 38, 4
33, 38, 4
34, 38, 4
15, 38, 5
16, 38, 5
35, 38, 5
36, 38, 5
13, 38, 6
14, 38, 6
37, 38, 6
38, 38, 6
12, 38, 7
39, 38, 7
10, 38, 8
11, 38, 8
40, 38, 8
41, 38, 8
9, 38, 9
42, 38, 9
8, 38, 10
43, 38, 10
8, 38, 11
43, 38, 11
7, 38, 12
44, 38, 12
6, 38, 13
45, 38, 13
6, 38, 14
45, 38, 14
5, 38, 15
46, 38, 15
5, 38, 16
46, 38, 16
4, 38, 17
47, 38, 17
4, 38, 18
47, 38, 18
3, 38, 19
48, 38, 19
3, 38, 20
48, 38, 20
3, 38, 21
48, 38, 21
3, 38, 22
48, 38, 22
3, 38, 23
48, 38, 23
3, 38, 24
48, 38, 24
3, 38, 25
48, 38, 25
2, 38, 26
49, 38, 26
3, 38, 27
48, 38, 27
3, 38, 28
48, 38, 28
3, 38, 29
48, 38, 29
3, 38, 30
48, 38, 30
3, 38, 31
48, 38, 31
3, 38, 32
48, 38, 32
4, 38, 33
47, 38, 33
4, 38, 34
47, 38, 34
5, 38, 35
46, 38, 35
5, 38, 36
46, 38, 36
6, 38, 37
45, 38, 37
6, 38, 38
45, 38, 38
7, 38, 39
44, 38, 39
8, 38, 40
43, 38, 40
8, 38, 41
43, 38, 41
9, 38, 42
42, 38, 42
10, 38, 43
11, 38, 43
40, 38, 43
41, 38, 43
12, 38, 44
39, 38, 44
13, 38, 45
14, 38, 45
37, 38, 45
38, 38, 45
15, 38, 46
16, 38, 46
35, 38, 46
36, 38, 46
17, 38, 47
18, 38, 47
33, 38, 47
34, 38, 47
19, 38, 48
20, 38, 48
21, 38, 48
22, 38, 48
23, 38, 48
24, 38, 48
25, 38, 48
27, 38, 48
28, 38, 48
29, 38, 48
30, 38, 48
31, 38, 48
32, 38, 48
26, 38, 49
23, 39, 3
24, 39, 3
25, 39, 3
26, 39, 3
27, 39, 3
28, 39, 3
18, 39, 4
19, 39, 4
20, 39, 4
21, 39, 4
22, 39, 4
29, 39, 4
30, 39, 4
31, 39, 4
32, 39, 4
33, 39, 4
16, 39, 5
17, 39, 5
34, 39, 5
35, 39, 5
14, 39, 6
15, 39, 6
36, 39, 6
37, 39, 6
12, 39, 7
13, 39, 7
38, 39, 7
39, 39, 7
11, 39, 8
40, 39, 8
10, 39, 9
41, 39, 9
9, 39, 10
42, 39, 10
8, 39, 11
43, 39, 11
7, 39, 12
44, 39, 12
7, 39, 13
44, 39, 13
6, 39, 14
45, 39, 14
6, 39, 15
45, 39, 15
5, 39, 16
46, 39, 16
5, 39, 17
46, 39, 17
4, 39, 18
47, 39, 18
4, 39, 19
47, 39, 19
4, 39, 20
47, 39, 20
4, 39, 21
47, 39, 21
4, 39, 22
47, 39, 22
3, 39, 23
48, 39, 23
3, 39, 24
48, 39, 24
3, 39, 25
48, 39, 25
3, 39, 26
48, 39, 26
3, 39, 27
48, 39, 27
3, 39, 28
48, 39, 28
4, 39, 29
47, 39, 29
4, 39, 30
47, 39, 30
4, 39, 31
47, 39, 31
4, 39, 32
47, 39, 32
4, 39, 33
47, 39, 33
5, 39, 34
46, 39, 34
5, 39, 35
46, 39, 35
6, 39, 36
45, 39, 36
6, 39, 37
45, 39, 37
7, 39, 38
44, 39, 38
7, 39, 39
44, 39, 39
8, 39, 40
43, 39, 40
9, 39, 41
42, 39, 41
10, 39, 42
41, 39, 42
11, 39, 43
40, 39, 43
12, 39, 44
13, 39, 44
38, 39, 44
39, 39, 44
14, 39, 45
15, 39, 45
36, 39, 45
37, 39, 45
16, 39, 46
17, 39, 46
34, 39, 46
35, 39, 46
18, 39, 47
19, 39, 47
20, 39, 47
21, 39, 47
22, 39, 47
29, 39, 47
30, 39, 47
31, 39, 47
32, 39, 47
33, 39, 47
23, 39, 48
24, 39, 48
25, 39, 48
26, 39, 48
27, 39, 48
28, 39, 48
21, 40, 4
22, 40, 4
23, 40, 4
24, 40, 4
25, 40, 4
26, 40, 4
27, 40, 4
28, 40, 4
29, 40, 4
30, 40, 4
18, 40, 5
19, 40, 5
20, 40, 5
31, 40, 5
32, 40, 5
33, 40, 5
16, 40, 6
17, 40, 6
34, 40, 6
35, 40, 6
13, 40, 7
14, 40, 7
15, 40, 7
36, 40, 7
37, 40, 7
38, 40, 7
12, 40, 8
39, 40, 8
11, 40, 9
40, 40, 9
10, 40, 10
41, 40, 10
9, 40, 11
42, 40, 11
8, 40, 12
43, 40, 12
7, 40, 13
44, 40, 13
7, 40, 14
44, 40, 14
7, 40, 15
44, 40, 15
6, 40, 16
45, 40, 16
6, 40, 17
45, 40, 17
5, 40, 18
46, 40, 18
5, 40, 19
46, 40, 19
5, 40, 20
46, 40, 20
4, 40, 21
47, 40, 21
4, 40, 22
47, 40, 22
4, 40, 23
47, 40, 23
4, 40, 24
47, 40, 24
4, 40, 25
47, 40, 25
4, 40, 26
47, 40, 26
4, 40, 27
47, 40, 27
4, 40, 28
47, 40, 28
4, 40, 29
47, 40, 29
4, 40, 30
47, 40, 30
5, 40, 31
46, 40, 31
5, 40, 32
46, 40, 32
5, 40, 33
46, 40, 33
6, 40, 34
45, 40, 34
6, 40, 35
45, 40, 35
7, 40, 36
44, 40, 36
7, 40, 37
44, 40, 37
7, 40, 38
44, 40, 38
8, 40, 39
43, 40, 39
9, 40, 40
42, 40, 40
10, 40, 41
41, 40, 41
11, 40, 42
40, 40, 42
12, 40, 43
39, 40, 43
13, 40, 44
14, 40, 44
15, 40, 44
36, 40, 44
37, 40, 44
38, 40, 44
16, 40, 45
17, 40, 45
34, 40, 45
35, 40, 45
18, 40, 46
19, 40, 46
20, 40, 46
31, 40, 46
32, 40, 46
33, 40, 46
21, 40, 47
22, 40, 47
23, 40, 47
24, 40, 47
25, 40, 47
26, 40, 47
27, 40, 47
28, 40, 47
29, 40, 47
30, 40, 47
25, 41, 4
26, 41, 4
19, 41, 5
20, 41, 5
21, 41, 5
22, 41, 5
23, 41, 5
24, 41, 5
27, 41, 5
28, 41, 5
29, 41, 5
30, 41, 5
31, 41, 5
32, 41, 5
17, 41, 6
18, 41, 6
33, 41, 6
34, 41, 6
15, 41, 7
16, 41, 7
35, 41, 7
36, 41, 7
13, 41, 8
14, 41, 8
37, 41, 8
38, 41, 8
12, 41, 9
39, 41, 9
11, 41, 10
40, 41, 10
10, 41, 11
41, 41, 11
9, 41, 12
42, 41, 12
8, 41, 13
43, 41, 13
8, 41, 14
43, 41, 14
7, 41, 15
44, 41, 15
7, 41, 16
44, 41, 16
6, 41, 17
45, 41, 17
6, 41, 18
45, 41, 18
5, 41, 19
46, 41, 19
5, 41, 20
46, 41, 20
5, 41, 21
46, 41, 21
5, 41, 22
46, 41, 22
5, 41, 23
46, 41, 23
5, 41, 24
46, 41, 24
4, 41, 25
47, 41, 25
4, 41, 26
47, 41, 26
5, 41, 27
46, 41, 27
5, 41, 28
46, 41, 28
5, 41, 29
46, 41, 29
5, 41, 30
46, 41, 30
5, 41, 31
46, 41, 31
5, 41, 32
46, 41, 32
6, 41, 33
45, 41, 33
6, 41, 34
45, 41, 34
7, 41, 35
44, 41, 35
7, 41, 36
44, 41, 36
8, 41, 37
43, 41, 37
8, 41, 38
43, 41, 38
9, 41, 39
42, 41, 39
10, 41, 40
41, 41, 40
11, 41, 41
40, 41, 41
12, 41, 42
39, 41, 42
13, 41, 43
14, 41, 43
37, 41, 43
38, 41, 43
15, 41, 44
16, 41, 44
35, 41, 44
36, 41, 44
17, 41, 45
18, 41, 45
33, 41, 45
34, 41, 45
19, 41, 46
20, 41, 46
21, 41, 46
22, 41, 46
23, 41, 46
24, 41, 46
27, 41, 46
28, 41, 46
29, 41, 46
30, 41, 46
31, 41, 46
32, 41, 46
25, 41, 47
26, 41, 47
23, 42, 5
24, 42, 5
25, 42, 5
26, 42, 5
27, 42, 5
28, 42, 5
19, 42, 6
20, 42, 6
21, 42, 6
22, 42, 6
29, 42, 6
30, 42, 6
31, 42, 6
32, 42, 6
17, 42, 7
18, 42, 7
33, 42, 7
34, 42, 7
15, 42, 8
16, 42, 8
35, 42, 8
36, 42, 8
13, 42, 9
14, 42, 9
37, 42, 9
38, 42, 9
12, 42, 10
13, 42, 10
39, 42, 10
11, 42, 11
12, 42, 11
39, 42, 11
40, 42, 11
10, 42, 12
11, 42, 12
40, 42, 12
41, 42, 12
9, 42, 13
41, 42, 13
42, 42, 13
9, 42, 14
42, 42, 14
8, 42, 15
43, 42, 15
8, 42, 16
43, 42, 16
7, 42, 17
44, 42, 17
7, 42, 18
44, 42, 18
6, 42, 19
45, 42, 19
6, 42, 20
45, 42, 20
6, 42, 21
45, 42, 21
6, 42, 22
45, 42, 22
5, 42, 23
46, 42, 23
5, 42, 24
46, 42, 24
5, 42, 25
46, 42, 25
5, 42, 26
46, 42, 26
5, 42, 27
46, 42, 27
5, 42, 28
46, 42, 28
6, 42, 29
45, 42, 29
6, 42, 30
45, 42, 30
6, 42, 31
45, 42, 31
6, 42, 32
45, 42, 32
7, 42, 33
44, 42, 33
7, 42, 34
44, 42, 34
8, 42, 35
43, 42, 35
8, 42, 36
43, 42, 36
9, 42, 37
42, 42, 37
9, 42, 38
10, 42, 38
42, 42, 38
10, 42, 39
11, 42, 39
40, 42, 39
41, 42, 39
11, 42, 40
12, 42, 40
39, 42, 40
40, 42, 40
12, 42, 41
38, 42, 41
39, 42, 41
13, 42, 42
14, 42, 42
37, 42, 42
38, 42, 42
15, 42, 43
16, 42, 43
35, 42, 43
36, 42, 43
17, 42, 44
18, 42, 44
33, 42, 44
34, 42, 44
19, 42, 45
20, 42, 45
21, 42, 45
22, 42, 45
29, 42, 45
30, 42, 45
31, 42, 45
32, 42, 45
23, 42, 46
24, 42, 46
25, 42, 46
26, 42, 46
27, 42, 46
28, 42, 46
22, 43, 6
23, 43, 6
24, 43, 6
25, 43, 6
26, 43, 6
27, 43, 6
28, 43, 6
29, 43, 6
19, 43, 7
20, 43, 7
21, 43, 7
30, 43, 7
31, 43, 7
32, 43, 7
33, 43, 7
17, 43, 8
18, 43, 8
34, 43, 8
15, 43, 9
16, 43, 9
35, 43, 9
36, 43, 9
14, 43, 10
37, 43, 10
38, 43, 10
13, 43, 11
38, 43, 11
12, 43, 12
39, 43, 12
10, 43, 13
11, 43, 13
40, 43, 13
10, 43, 14
41, 43, 14
9, 43, 15
42, 43, 15
9, 43, 16
42, 43, 16
8, 43, 17
43, 43, 17
7, 43, 18
43, 43, 18
7, 43, 19
44, 43, 19
7, 43, 20
44, 43, 20
7, 43, 21
44, 43, 21
6, 43, 22
45, 43, 22
6, 43, 23
45, 43, 23
6, 43, 24
45, 43, 24
6, 43, 25
45, 43, 25
6, 43, 26
45, 43, 26
6, 43, 27
45, 43, 27
6, 43, 28
45, 43, 28
6, 43, 29
45, 43, 29
7, 43, 30
44, 43, 30
7, 43, 31
44, 43, 31
7, 43, 32
44, 43, 32
8, 43, 33
44, 43, 33
8, 43, 34
43, 43, 34
9, 43, 35
42, 43, 35
9, 43, 36
42, 43, 36
10, 43, 37
41, 43, 37
11, 43, 38
40, 43, 38
41, 43, 38
12, 43, 39
39, 43, 39
13, 43, 40
38, 43, 40
13, 43, 41
14, 43, 41
37, 43, 41
15, 43, 42
16, 43, 42
35, 43, 42
36, 43, 42
17, 43, 43
33, 43, 43
34, 43, 43
18, 43, 44
19, 43, 44
20, 43, 44
21, 43, 44
30, 43, 44
31, 43, 44
32, 43, 44
22, 43, 45
23, 43, 45
24, 43, 45
25, 43, 45
26, 43, 45
27, 43, 45
28, 43, 45
29, 43, 45
21, 44, 7
22, 44, 7
23, 44, 7
24, 44, 7
25, 44, 7
26, 44, 7
27, 44, 7
28, 44, 7
29, 44, 7
18, 44, 8
19, 44, 8
20, 44, 8
21, 44, 8
30, 44, 8
31, 44, 8
32, 44, 8
33, 44, 8
16, 44, 9
17, 44, 9
18, 44, 9
33, 44, 9
34, 44, 9
35, 44, 9
14, 44, 10
15, 44, 10
16, 44, 10
35, 44, 10
36, 44, 10
13, 44, 11
14, 44, 11
37, 44, 11
38, 44, 11
12, 44, 12
13, 44, 12
38, 44, 12
39, 44, 12
11, 44, 13
12, 44, 13
39, 44, 13
40, 44, 13
11, 44, 14
40, 44, 14
41, 44, 14
10, 44, 15
41, 44, 15
9, 44, 16
10, 44, 16
41, 44, 16
42, 44, 16
9, 44, 17
42, 44, 17
8, 44, 18
9, 44, 18
42, 44, 18
43, 44, 18
8, 44, 19
43, 44, 19
8, 44, 20
43, 44, 20
8, 44, 21
43, 44, 21
44, 44, 21
7, 44, 22
44, 44, 22
7, 44, 23
44, 44, 23
7, 44, 24
44, 44, 24
7, 44, 25
44, 44, 25
7, 44, 26
44, 44, 26
7, 44, 27
44, 44, 27
7, 44, 28
44, 44, 28
7, 44, 29
44, 44, 29
7, 44, 30
8, 44, 30
43, 44, 30
8, 44, 31
43, 44, 31
8, 44, 32
43, 44, 32
8, 44, 33
9, 44, 33
42, 44, 33
43, 44, 33
9, 44, 34
42, 44, 34
9, 44, 35
10, 44, 35
41, 44, 35
42, 44, 35
10, 44, 36
41, 44, 36
10, 44, 37
11, 44, 37
40, 44, 37
11, 44, 38
12, 44, 38
39, 44, 38
40, 44, 38
12, 44, 39
13, 44, 39
38, 44, 39
39, 44, 39
13, 44, 40
14, 44, 40
37, 44, 40
38, 44, 40
15, 44, 41
16, 44, 41
35, 44, 41
36, 44, 41
37, 44, 41
16, 44, 42
17, 44, 42
18, 44, 42
33, 44, 42
34, 44, 42
35, 44, 42
18, 44, 43
19, 44, 43
20, 44, 43
21, 44, 43
30, 44, 43
31, 44, 43
32, 44, 43
33, 44, 43
22, 44, 44
23, 44, 44
24, 44, 44
25, 44, 44
26, 44, 44
27, 44, 44
28, 44, 44
29, 44, 44
30, 44, 44
22, 45, 8
23, 45, 8
24, 45, 8
25, 45, 8
26, 45, 8
27, 45, 8
28, 45, 8
29, 45, 8
19, 45, 9
20, 45, 9
21, 45, 9
22, 45, 9
29, 45, 9
30, 45, 9
31, 45, 9
32, 45, 9
17, 45, 10
18, 45, 10
33, 45, 10
34, 45, 10
15, 45, 11
16, 45, 11
17, 45, 11
35, 45, 11
36, 45, 11
14, 45, 12
15, 45, 12
36, 45, 12
37, 45, 12
13, 45, 13
14, 45, 13
37, 45, 13
38, 45, 13
12, 45, 14
13, 45, 14
38, 45, 14
39, 45, 14
11, 45, 15
12, 45, 15
39, 45, 15
40, 45, 15
11, 45, 16
40, 45, 16
10, 45, 17
40, 45, 17
41, 45, 17
10, 45, 18
41, 45, 18
9, 45, 19
42, 45, 19
9, 45, 20
42, 45, 20
9, 45, 21
42, 45, 21
8, 45, 22
9, 45, 22
42, 45, 22
43, 45, 22
8, 45, 23
43, 45, 23
8, 45, 24
43, 45, 24
8, 45, 25
43, 45, 25
8, 45, 26
43, 45, 26
8, 45, 27
43, 45, 27
8, 45, 28
43, 45, 28
8, 45, 29
9, 45, 29
42, 45, 29
43, 45, 29
9, 45, 30
42, 45, 30
9, 45, 31
42, 45, 31
9, 45, 32
42, 45, 32
10, 45, 33
41, 45, 33
10, 45, 34
11, 45, 34
41, 45, 34
11, 45, 35
40, 45, 35
11, 45, 36
12, 45, 36
39, 45, 36
40, 45, 36
12, 45, 37
13, 45, 37
38, 45, 37
39, 45, 37
13, 45, 38
14, 45, 38
37, 45, 38
38, 45, 38
14, 45, 39
15, 45, 39
36, 45, 39
37, 45, 39
15, 45, 40
16, 45, 40
34, 45, 40
35, 45, 40
36, 45, 40
17, 45, 41
18, 45, 41
33, 45, 41
34, 45, 41
19, 45, 42
20, 45, 42
21, 45, 42
22, 45, 42
29, 45, 42
30, 45, 42
31, 45, 42
32, 45, 42
22, 45, 43
23, 45, 43
24, 45, 43
25, 45, 43
26, 45, 43
27, 45, 43
28, 45, 43
29, 45, 43
23, 46, 9
24, 46, 9
25, 46, 9
26, 46, 9
27, 46, 9
28, 46, 9
19, 46, 10
20, 46, 10
21, 46, 10
22, 46, 10
23, 46, 10
28, 46, 10
29, 46, 10
30, 46, 10
31, 46, 10
32, 46, 10
18, 46, 11
19, 46, 11
32, 46, 11
33, 46, 11
34, 46, 11
16, 46, 12
17, 46, 12
34, 46, 12
35, 46, 12
15, 46, 13
36, 46, 13
14, 46, 14
37, 46, 14
13, 46, 15
38, 46, 15
12, 46, 16
39, 46, 16
11, 46, 17
12, 46, 17
39, 46, 17
11, 46, 18
40, 46, 18
10, 46, 19
11, 46, 19
40, 46, 19
41, 46, 19
10, 46, 20
41, 46, 20
10, 46, 21
41, 46, 21
10, 46, 22
41, 46, 22
9, 46, 23
10, 46, 23
41, 46, 23
42, 46, 23
9, 46, 24
42, 46, 24
9, 46, 25
42, 46, 25
9, 46, 26
42, 46, 26
9, 46, 27
42, 46, 27
9, 46, 28
10, 46, 28
41, 46, 28
42, 46, 28
10, 46, 29
41, 46, 29
10, 46, 30
41, 46, 30
10, 46, 31
41, 46, 31
10, 46, 32
11, 46, 32
40, 46, 32
41, 46, 32
11, 46, 33
40, 46, 33
12, 46, 34
39, 46, 34
40, 46, 34
12, 46, 35
39, 46, 35
13, 46, 36
38, 46, 36
14, 46, 37
37, 46, 37
15, 46, 38
36, 46, 38
16, 46, 39
17, 46, 39
34, 46, 39
35, 46, 39
17, 46, 40
18, 46, 40
19, 46, 40
32, 46, 40
33, 46, 40
19, 46, 41
20, 46, 41
21, 46, 41
22, 46, 41
23, 46, 41
28, 46, 41
29, 46, 41
30, 46, 41
31, 46, 41
32, 46, 41
23, 46, 42
24, 46, 42
25, 46, 42
26, 46, 42
27, 46, 42
28, 46, 42
24, 47, 10
25, 47, 10
26, 47, 10
27, 47, 10
20, 47, 11
21, 47, 11
22, 47, 11
23, 47, 11
24, 47, 11
25, 47, 11
26, 47, 11
27, 47, 11
28, 47, 11
29, 47, 11
30, 47, 11
31, 47, 11
18, 47, 12
19, 47, 12
20, 47, 12
30, 47, 12
31, 47, 12
32, 47, 12
33, 47, 12
16, 47, 13
17, 47, 13
18, 47, 13
19, 47, 13
32, 47, 13
33, 47, 13
34, 47, 13
35, 47, 13
15, 47, 14
16, 47, 14
35, 47, 14
36, 47, 14
14, 47, 15
15, 47, 15
16, 47, 15
35, 47, 15
36, 47, 15
37, 47, 15
13, 47, 16
14, 47, 16
15, 47, 16
36, 47, 16
37, 47, 16
38, 47, 16
13, 47, 17
38, 47, 17
12, 47, 18
13, 47, 18
38, 47, 18
39, 47, 18
12, 47, 19
13, 47, 19
38, 47, 19
39, 47, 19
11, 47, 20
12, 47, 20
39, 47, 20
40, 47, 20
11, 47, 21
12, 47, 21
40, 47, 21
11, 47, 22
40, 47, 22
11, 47, 23
40, 47, 23
10, 47, 24
11, 47, 24
40, 47, 24
41, 47, 24
10, 47, 25
11, 47, 25
40, 47, 25
41, 47, 25
10, 47, 26
11, 47, 26
40, 47, 26
41, 47, 26
10, 47, 27
11, 47, 27
40, 47, 27
41, 47, 27
11, 47, 28
40, 47, 28
11, 47, 29
40, 47, 29
11, 47, 30
39, 47, 30
40, 47, 30
11, 47, 31
12, 47, 31
39, 47, 31
40, 47, 31
12, 47, 32
13, 47, 32
38, 47, 32
39, 47, 32
12, 47, 33
13, 47, 33
38, 47, 33
39, 47, 33
13, 47, 34
38, 47, 34
13, 47, 35
14, 47, 35
15, 47, 35
36, 47, 35
37, 47, 35
38, 47, 35
14, 47, 36
15, 47, 36
16, 47, 36
35, 47, 36
36, 47, 36
37, 47, 36
15, 47, 37
16, 47, 37
35, 47, 37
36, 47, 37
16, 47, 38
17, 47, 38
18, 47, 38
19, 47, 38
32, 47, 38
33, 47, 38
34, 47, 38
35, 47, 38
18, 47, 39
19, 47, 39
20, 47, 39
21, 47, 39
31, 47, 39
32, 47, 39
33, 47, 39
20, 47, 40
21, 47, 40
22, 47, 40
23, 47, 40
24, 47, 40
25, 47, 40
26, 47, 40
27, 47, 40
28, 47, 40
29, 47, 40
30, 47, 40
31, 47, 40
24, 47, 41
25, 47, 41
26, 47, 41
27, 47, 41
21, 48, 12
22, 48, 12
23, 48, 12
24, 48, 12
25, 48, 12
26, 48, 12
27, 48, 12
28, 48, 12
29, 48, 12
20, 48, 13
21, 48, 13
22, 48, 13
23, 48, 13
24, 48, 13
25, 48, 13
27, 48, 13
28, 48, 13
29, 48, 13
30, 48, 13
31, 48, 13
17, 48, 14
18, 48, 14
19, 48, 14
20, 48, 14
31, 48, 14
32, 48, 14
33, 48, 14
34, 48, 14
17, 48, 15
18, 48, 15
33, 48, 15
34, 48, 15
16, 48, 16
17, 48, 16
34, 48, 16
35, 48, 16
14, 48, 17
15, 48, 17
16, 48, 17
35, 48, 17
36, 48, 17
37, 48, 17
14, 48, 18
15, 48, 18
36, 48, 18
37, 48, 18
14, 48, 19
37, 48, 19
13, 48, 20
14, 48, 20
37, 48, 20
38, 48, 20
13, 48, 21
38, 48, 21
39, 48, 21
12, 48, 22
13, 48, 22
38, 48, 22
39, 48, 22
12, 48, 23
13, 48, 23
38, 48, 23
39, 48, 23
12, 48, 24
13, 48, 24
38, 48, 24
39, 48, 24
12, 48, 25
13, 48, 25
38, 48, 25
39, 48, 25
12, 48, 26
39, 48, 26
12, 48, 27
13, 48, 27
38, 48, 27
39, 48, 27
12, 48, 28
13, 48, 28
38, 48, 28
39, 48, 28
12, 48, 29
13, 48, 29
38, 48, 29
39, 48, 29
12, 48, 30
13, 48, 30
38, 48, 30
13, 48, 31
14, 48, 31
37, 48, 31
38, 48, 31
14, 48, 32
37, 48, 32
14, 48, 33
15, 48, 33
36, 48, 33
37, 48, 33
14, 48, 34
15, 48, 34
16, 48, 34
35, 48, 34
36, 48, 34
37, 48, 34
16, 48, 35
17, 48, 35
34, 48, 35
35, 48, 35
17, 48, 36
18, 48, 36
33, 48, 36
34, 48, 36
17, 48, 37
18, 48, 37
19, 48, 37
20, 48, 37
31, 48, 37
32, 48, 37
33, 48, 37
34, 48, 37
20, 48, 38
21, 48, 38
22, 48, 38
23, 48, 38
24, 48, 38
25, 48, 38
27, 48, 38
28, 48, 38
29, 48, 38
30, 48, 38
31, 48, 38
22, 48, 39
23, 48, 39
24, 48, 39
25, 48, 39
26, 48, 39
27, 48, 39
28, 48, 39
29, 48, 39
30, 48, 39
26, 49, 13
21, 49, 14
22, 49, 14
23, 49, 14
24, 49, 14
25, 49, 14
26, 49, 14
27, 49, 14
28, 49, 14
29, 49, 14
30, 49, 14
19, 49, 15
20, 49, 15
21, 49, 15
22, 49, 15
23, 49, 15
24, 49, 15
25, 49, 15
26, 49, 15
27, 49, 15
28, 49, 15
29, 49, 15
30, 49, 15
31, 49, 15
32, 49, 15
18, 49, 16
19, 49, 16
20, 49, 16
21, 49, 16
30, 49, 16
31, 49, 16
32, 49, 16
33, 49, 16
17, 49, 17
18, 49, 17
19, 49, 17
32, 49, 17
33, 49, 17
34, 49, 17
16, 49, 18
17, 49, 18
18, 49, 18
33, 49, 18
34, 49, 18
35, 49, 18
15, 49, 19
16, 49, 19
17, 49, 19
34, 49, 19
35, 49, 19
36, 49, 19
15, 49, 20
16, 49, 20
35, 49, 20
36, 49, 20
14, 49, 21
15, 49, 21
16, 49, 21
35, 49, 21
36, 49, 21
37, 49, 21
14, 49, 22
15, 49, 22
36, 49, 22
37, 49, 22
14, 49, 23
15, 49, 23
36, 49, 23
37, 49, 23
14, 49, 24
15, 49, 24
36, 49, 24
37, 49, 24
14, 49, 25
15, 49, 25
36, 49, 25
37, 49, 25
13, 49, 26
14, 49, 26
15, 49, 26
36, 49, 26
37, 49, 26
38, 49, 26
14, 49, 27
15, 49, 27
36, 49, 27
37, 49, 27
14, 49, 28
15, 49, 28
36, 49, 28
37, 49, 28
14, 49, 29
15, 49, 29
36, 49, 29
37, 49, 29
14, 49, 30
15, 49, 30
16, 49, 30
35, 49, 30
36, 49, 30
37, 49, 30
15, 49, 31
16, 49, 31
35, 49, 31
36, 49, 31
15, 49, 32
16, 49, 32
17, 49, 32
34, 49, 32
35, 49, 32
36, 49, 32
16, 49, 33
17, 49, 33
18, 49, 33
33, 49, 33
34, 49, 33
35, 49, 33
17, 49, 34
18, 49, 34
19, 49, 34
32, 49, 34
33, 49, 34
34, 49, 34
18, 49, 35
19, 49, 35
20, 49, 35
21, 49, 35
30, 49, 35
31, 49, 35
32, 49, 35
33, 49, 35
19, 49, 36
20, 49, 36
21, 49, 36
22, 49, 36
23, 49, 36
24, 49, 36
25, 49, 36
26, 49, 36
27, 49, 36
28, 49, 36
29, 49, 36
30, 49, 36
31, 49, 36
32, 49, 36
21, 49, 37
22, 49, 37
23, 49, 37
24, 49, 37
25, 49, 37
26, 49, 37
27, 49, 37
28, 49, 37
29, 49, 37
30, 49, 37
26, 49, 38
22, 50, 16
23, 50, 16
24, 50, 16
25, 50, 16
26, 50, 16
27, 50, 16
28, 50, 16
29, 50, 16
20, 50, 17
21, 50, 17
22, 50, 17
23, 50, 17
24, 50, 17
25, 50, 17
26, 50, 17
27, 50, 17
28, 50, 17
29, 50, 17
30, 50, 17
31, 50, 17
19, 50, 18
20, 50, 18
21, 50, 18
22, 50, 18
23, 50, 18
24, 50, 18
25, 50, 18
26, 50, 18
27, 50, 18
28, 50, 18
29, 50, 18
30, 50, 18
31, 50, 18
32, 50, 18
18, 50, 19
19, 50, 19
20, 50, 19
21, 50, 19
22, 50, 19
29, 50, 19
30, 50, 19
31, 50, 19
32, 50, 19
33, 50, 19
17, 50, 20
18, 50, 20
19, 50, 20
20, 50, 20
31, 50, 20
32, 50, 20
33, 50, 20
34, 50, 20
17, 50, 21
18, 50, 21
19, 50, 21
32, 50, 21
33, 50, 21
34, 50, 21
16, 50, 22
17, 50, 22
18, 50, 22
19, 50, 22
32, 50, 22
33, 50, 22
34, 50, 22
35, 50, 22
16, 50, 23
17, 50, 23
18, 50, 23
33, 50, 23
34, 50, 23
35, 50, 23
16, 50, 24
17, 50, 24
18, 50, 24
33, 50, 24
34, 50, 24
35, 50, 24
16, 50, 25
17, 50, 25
18, 50, 25
33, 50, 25
34, 50, 25
35, 50, 25
16, 50, 26
17, 50, 26
18, 50, 26
33, 50, 26
34, 50, 26
35, 50, 26
16, 50, 27
17, 50, 27
18, 50, 27
33, 50, 27
34, 50, 27
35, 50, 27
16, 50, 28
17, 50, 28
18, 50, 28
33, 50, 28
34, 50, 28
35, 50, 28
16, 50, 29
17, 50, 29
18, 50, 29
19, 50, 29
32, 50, 29
33, 50, 29
34, 50, 29
35, 50, 29
17, 50, 30
18, 50, 30
19, 50, 30
32, 50, 30
33, 50, 30
34, 50, 30
17, 50, 31
18, 50, 31
19, 50, 31
20, 50, 31
31, 50, 31
32, 50, 31
33, 50, 31
34, 50, 31
18, 50, 32
19, 50, 32
20, 50, 32
21, 50, 32
22, 50, 32
29, 50, 32
30, 50, 32
31, 50, 32
32, 50, 32
33, 50, 32
19, 50, 33
20, 50, 33
21, 50, 33
22, 50, 33
23, 50, 33
24, 50, 33
25, 50, 33
26, 50, 33
27, 50, 33
28, 50, 33
29, 50, 33
30, 50, 33
31, 50, 33
32, 50, 33
20, 50, 34
21, 50, 34
22, 50, 34
23, 50, 34
24, 50, 34
25, 50, 34
26, 50, 34
27, 50, 34
28, 50, 34
29, 50, 34
30, 50, 34
31, 50, 34
22, 50, 35
23, 50, 35
24, 50, 35
25, 50, 35
26, 50, 35
27, 50, 35
28, 50, 35
29, 50, 35
23, 51, 19
24, 51, 19
25, 51, 19
26, 51, 19
27, 51, 19
28, 51, 19
21, 51, 20
22, 51, 20
23, 51, 20
24, 51, 20
25, 51, 20
26, 51, 20
27, 51, 20
28, 51, 20
29, 51, 20
30, 51, 20
20, 51, 21
21, 51, 21
22, 51, 21
23, 51, 21
24, 51, 21
25, 51, 21
26, 51, 21
27, 51, 21
28, 51, 21
29, 51, 21
30, 51, 21
31, 51, 21
20, 51, 22
21, 51, 22
22, 51, 22
23, 51, 22
24, 51, 22
25, 51, 22
26, 51, 22
27, 51, 22
28, 51, 22
29, 51, 22
30, 51, 22
31, 51, 22
19, 51, 23
20, 51, 23
21, 51, 23
22, 51, 23
23, 51, 23
24, 51, 23
25, 51, 23
26, 51, 23
27, 51, 23
28, 51, 23
29, 51, 23
30, 51, 23
31, 51, 23
32, 51, 23
19, 51, 24
20, 51, 24
21, 51, 24
22, 51, 24
23, 51, 24
24, 51, 24
25, 51, 24
26, 51, 24
27, 51, 24
28, 51, 24
29, 51, 24
30, 51, 24
31, 51, 24
32, 51, 24
19, 51, 25
20, 51, 25
21, 51, 25
22, 51, 25
23, 51, 25
24, 51, 25
25, 51, 25
26, 51, 25
27, 51, 25
28, 51, 25
29, 51, 25
30, 51, 25
31, 51, 25
32, 51, 25
19, 51, 26
20, 51, 26
21, 51, 26
22, 51, 26
23, 51, 26
24, 51, 26
25, 51, 26
26, 51, 26
27, 51, 26
28, 51, 26
29, 51, 26
30, 51, 26
31, 51, 26
32, 51, 26
19, 51, 27
20, 51, 27
21, 51, 27
22, 51, 27
23, 51, 27
24, 51, 27
25, 51, 27
26, 51, 27
27, 51, 27
28, 51, 27
29, 51, 27
30, 51, 27
31, 51, 27
32, 51, 27
19, 51, 28
20, 51, 28
21, 51, 28
22, 51, 28
23, 51, 28
24, 51, 28
25, 51, 28
26, 51, 28
27, 51, 28
28, 51, 28
29, 51, 28
30, 51, 28
31, 51, 28
32, 51, 28
20, 51, 29
21, 51, 29
22, 51, 29
23, 51, 29
24, 51, 29
25, 51, 29
26, 51, 29
27, 51, 29
28, 51, 29
29, 51, 29
30, 51, 29
31, 51, 29
20, 51, 30
21, 51, 30
22, 51, 30
23, 51, 30
24, 51, 30
25, 51, 30
26, 51, 30
27, 51, 30
28, 51, 30
29, 51, 30
30, 51, 30
31, 51, 30
21, 51, 31
22, 51, 31
23, 51, 31
24, 51, 31
25, 51, 31
26, 51, 31
27, 51, 31
28, 51, 31
29, 51, 31
30, 51, 31
23, 51, 32
24, 51, 32
25, 51, 32
26, 51, 32
27, 51, 32
28, 51, 32