32, 0, 6
43, 0, 6
30, 0, 7
31, 0, 7
32, 0, 7
33, 0, 7
34, 0, 7
35, 0, 7
40, 0, 7
41, 0, 7
42, 0, 7
43, 0, 7
44, 0, 7
45, 0, 7
29, 0, 8
30, 0, 8
31, 0, 8
32, 0, 8
33, 0, 8
34, 0, 8
35, 0, 8
40, 0, 8
41, 0, 8
42, 0, 8
43, 0, 8
44, 0, 8
45, 0, 8
46, 0, 8
29, 0, 9
30, 0, 9
31, 0, 9
32, 0, 9
33, 0, 9
34, 0, 9
35, 0, 9
36, 0, 9
39, 0, 9
40, 0, 9
41, 0, 9
42, 0, 9
43, 0, 9
44, 0, 9
45, 0, 9
46, 0, 9
47, 0, 9
28, 0, 10
29, 0, 10
30, 0, 10
31, 0, 10
32, 0, 10
33, 0, 10
34, 0, 10
35, 0, 10
36, 0, 10
39, 0, 10
40, 0, 10
41, 0, 10
42, 0, 10
43, 0, 10
44, 0, 10
45, 0, 10
46, 0, 10
47, 0, 10
28, 0, 11
29, 0, 11
30, 0, 11
31, 0, 11
32, 0, 11
33, 0, 11
34, 0, 11
35, 0, 11
36, 0, 11
39, 0, 11
40, 0, 11
41, 0, 11
42, 0, 11
43, 0, 11
44, 0, 11
45, 0, 11
46, 0, 11
47, 0, 11
28, 0, 12
29, 0, 12
30, 0, 12
31, 0, 12
32, 0, 12
33, 0, 12
34, 0, 12
35, 0, 12
36, 0, 12
39, 0, 12
40, 0, 12
41, 0, 12
42, 0, 12
43, 0, 12
44, 0, 12
45, 0, 12
46, 0, 12
47, 0, 12
28, 0, 13
29, 0, 13
41, 0, 13
42, 0, 13
43, 0, 13
44, 0, 13
45, 0, 13
46, 0, 13
47, 0, 13
27, 0, 14
28, 0, 14
29, 0, 14
30, 0, 14
31, 0, 14
32, 0, 14
33, 0, 14
34, 0, 14
35, 0, 14
36, 0, 14
39, 0, 14
40, 0, 14
41, 0, 14
42, 0, 14
43, 0, 14
44, 0, 14
45, 0, 14
46, 0, 14
47, 0, 14
48, 0, 14
27, 0, 15
28, 0, 15
29, 0, 15
30, 0, 15
31, 0, 15
32, 0, 15
33, 0, 15
34, 0, 15
35, 0, 15
36, 0, 15
39, 0, 15
40, 0, 15
41, 0, 15
42, 0, 15
43, 0, 15
44, 0, 15
45, 0, 15
46, 0, 15
47, 0, 15
48, 0, 15
27, 0, 16
28, 0, 16
29, 0, 16
30, 0, 16
31, 0, 16
32, 0, 16
33, 0, 16
34, 0, 16
35, 0, 16
36, 0, 16
39, 0, 16
40, 0, 16
41, 0, 16
42, 0, 16
43, 0, 16
44, 0, 16
45, 0, 16
46, 0, 16
47, 0, 16
48, 0, 16
27, 0, 17
28, 0, 17
29, 0, 17
30, 0, 17
31, 0, 17
32, 0, 17
33, 0, 17
34, 0, 17
35, 0, 17
36, 0, 17
37, 0, 17
38, 0, 17
39, 0, 17
40, 0, 17
41, 0, 17
42, 0, 17
43, 0, 17
44, 0, 17
45, 0, 17
46, 0, 17
47, 0, 17
48, 0, 17
27, 0, 18
28, 0, 18
29, 0, 18
30, 0, 18
31, 0, 18
32, 0, 18
33, 0, 18
34, 0, 18
35, 0, 18
36, 0, 18
37, 0, 18
38, 0, 18
39, 0, 18
40, 0, 18
41, 0, 18
42, 0, 18
43, 0, 18
44, 0, 18
45, 0, 18
46, 0, 18
47, 0, 18
48, 0, 18
27, 0, 19
28, 0, 19
29, 0, 19
30, 0, 19
31, 0, 19
32, 0, 19
33, 0, 19
34, 0, 19
35, 0, 19
36, 0, 19
37, 0, 19
38, 0, 19
39, 0, 19
40, 0, 19
41, 0, 19
42, 0, 19
43, 0, 19
44, 0, 19
45, 0, 19
46, 0, 19
47, 0, 19
48, 0, 19
27, 0, 20
28, 0, 20
29, 0, 20
30, 0, 20
31, 0, 20
32, 0, 20
33, 0, 20
34, 0, 20
35, 0, 20
36, 0, 20
37, 0, 20
38, 0, 20
39, 0, 20
40, 0, 20
41, 0, 20
42, 0, 20
43, 0, 20
44, 0, 20
45, 0, 20
46, 0, 20
47, 0, 20
48, 0, 20
27, 0, 21
28, 0, 21
29, 0, 21
30, 0, 21
31, 0, 21
32, 0, 21
33, 0, 21
34, 0, 21
35, 0, 21
36, 0, 21
37, 0, 21
38, 0, 21
39, 0, 21
40, 0, 21
41, 0, 21
42, 0, 21
43, 0, 21
44, 0, 21
45, 0, 21
46, 0, 21
47, 0, 21
48, 0, 21
28, 0, 22
29, 0, 22
30, 0, 22
31, 0, 22
32, 0, 22
33, 0, 22
34, 0, 22
35, 0, 22
36, 0, 22
39, 0, 22
40, 0, 22
41, 0, 22
42, 0, 22
43, 0, 22
44, 0, 22
45, 0, 22
46, 0, 22
47, 0, 22
28, 0, 23
29, 0, 23
30, 0, 23
31, 0, 23
32, 0, 23
33, 0, 23
34, 0, 23
35, 0, 23
39, 0, 23
40, 0, 23
41, 0, 23
42, 0, 23
43, 0, 23
44, 0, 23
45, 0, 23
46, 0, 23
47, 0, 23
29, 0, 24
30, 0, 24
31, 0, 24
32, 0, 24
33, 0, 24
34, 0, 24
41, 0, 24
42, 0, 24
43, 0, 24
44, 0, 24
45, 0, 24
46, 0, 24
30, 1, 6
31, 1, 6
32, 1, 6
33, 1, 6
34, 1, 6
41, 1, 6
42, 1, 6
43, 1, 6
44, 1, 6
45, 1, 6
29, 1, 7
35, 1, 7
40, 1, 7
46, 1, 7
28, 1, 8
36, 1, 8
39, 1, 8
47, 1, 8
28, 1, 9
36, 1, 9
39, 1, 9
47, 1, 9
28, 1, 10
36, 1, 10
39, 1, 10
47, 1, 10
28, 1, 11
36, 1, 11
39, 1, 11
47, 1, 11
27, 1, 12
36, 1, 12
39, 1, 12
48, 1, 12
27, 1, 13
30, 1, 13
31, 1, 13
32, 1, 13
33, 1, 13
34, 1, 13
35, 1, 13
36, 1, 13
39, 1, 13
40, 1, 13
48, 1, 13
27, 1, 14
37, 1, 14
39, 1, 14
48, 1, 14
26, 1, 15
37, 1, 15
38, 1, 15
48, 1, 15
26, 1, 16
37, 1, 16
38, 1, 16
49, 1, 16
26, 1, 17
49, 1, 17
26, 1, 18
49, 1, 18
26, 1, 19
49, 1, 19
26, 1, 20
49, 1, 20
27, 1, 21
48, 1, 21
27, 1, 22
37, 1, 22
38, 1, 22
48, 1, 22
28, 1, 23
36, 1, 23
39, 1, 23
47, 1, 23
29, 1, 24
30, 1, 24
33, 1, 24
34, 1, 24
35, 1, 24
40, 1, 24
41, 1, 24
42, 1, 24
44, 1, 24
45, 1, 24
46, 1, 24
31, 1, 25
32, 1, 25
43, 1, 25
30, 2, 6
31, 2, 6
32, 2, 6
33, 2, 6
34, 2, 6
35, 2, 6
41, 2, 6
42, 2, 6
43, 2, 6
44, 2, 6
45, 2, 6
29, 2, 7
36, 2, 7
39, 2, 7
40, 2, 7
46, 2, 7
28, 2, 8
36, 2, 8
39, 2, 8
47, 2, 8
28, 2, 9
36, 2, 9
39, 2, 9
47, 2, 9
27, 2, 10
36, 2, 10
39, 2, 10
48, 2, 10
27, 2, 11
36, 2, 11
39, 2, 11
48, 2, 11
27, 2, 12
36, 2, 12
39, 2, 12
48, 2, 12
27, 2, 13
37, 2, 13
38, 2, 13
48, 2, 13
26, 2, 14
38, 2, 14
49, 2, 14
26, 2, 15
49, 2, 15
26, 2, 16
49, 2, 16
26, 2, 17
49, 2, 17
26, 2, 18
49, 2, 18
26, 2, 19
49, 2, 19
26, 2, 20
49, 2, 20
26, 2, 21
49, 2, 21
27, 2, 22
48, 2, 22
27, 2, 23
37, 2, 23
38, 2, 23
48, 2, 23
28, 2, 24
36, 2, 24
39, 2, 24
47, 2, 24
29, 2, 25
30, 2, 25
31, 2, 25
32, 2, 25
33, 2, 25
34, 2, 25
35, 2, 25
40, 2, 25
41, 2, 25
42, 2, 25
43, 2, 25
44, 2, 25
45, 2, 25
46, 2, 25
30, 3, 6
31, 3, 6
32, 3, 6
33, 3, 6
34, 3, 6
35, 3, 6
40, 3, 6
41, 3, 6
42, 3, 6
43, 3, 6
44, 3, 6
45, 3, 6
29, 3, 7
35, 3, 7
40, 3, 7
46, 3, 7
28, 3, 8
36, 3, 8
39, 3, 8
47, 3, 8
28, 3, 9
36, 3, 9
39, 3, 9
47, 3, 9
27, 3, 10
36, 3, 10
39, 3, 10
48, 3, 10
27, 3, 11
36, 3, 11
39, 3, 11
48, 3, 11
27, 3, 12
36, 3, 12
39, 3, 12
48, 3, 12
27, 3, 13
37, 3, 13
38, 3, 13
48, 3, 13
26, 3, 14
49, 3, 14
26, 3, 15
49, 3, 15
26, 3, 16
49, 3, 16
26, 3, 17
49, 3, 17
26, 3, 18
49, 3, 18
26, 3, 19
49, 3, 19
26, 3, 20
49, 3, 20
26, 3, 21
49, 3, 21
27, 3, 22
48, 3, 22
27, 3, 23
37, 3, 23
38, 3, 23
48, 3, 23
28, 3, 24
35, 3, 24
36, 3, 24
39, 3, 24
47, 3, 24
29, 3, 25
30, 3, 25
31, 3, 25
32, 3, 25
33, 3, 25
34, 3, 25
40, 3, 25
41, 3, 25
42, 3, 25
43, 3, 25
44, 3, 25
45, 3, 25
46, 3, 25
30, 4, 6
31, 4, 6
32, 4, 6
33, 4, 6
34, 4, 6
41, 4, 6
42, 4, 6
43, 4, 6
44, 4, 6
45, 4, 6
29, 4, 7
35, 4, 7
40, 4, 7
46, 4, 7
28, 4, 8
36, 4, 8
39, 4, 8
47, 4, 8
28, 4, 9
36, 4, 9
39, 4, 9
47, 4, 9
28, 4, 10
36, 4, 10
39, 4, 10
48, 4, 10
27, 4, 11
36, 4, 11
39, 4, 11
48, 4, 11
27, 4, 12
36, 4, 12
39, 4, 12
48, 4, 12
27, 4, 13
37, 4, 13
38, 4, 13
48, 4, 13
27, 4, 14
49, 4, 14
26, 4, 15
49, 4, 15
26, 4, 16
49, 4, 16
26, 4, 17
49, 4, 17
26, 4, 18
49, 4, 18
26, 4, 19
49, 4, 19
26, 4, 20
49, 4, 20
26, 4, 21
49, 4, 21
27, 4, 22
48, 4, 22
27, 4, 23
37, 4, 23
38, 4, 23
48, 4, 23
28, 4, 24
35, 4, 24
36, 4, 24
39, 4, 24
40, 4, 24
47, 4, 24
29, 4, 25
30, 4, 25
31, 4, 25
32, 4, 25
33, 4, 25
34, 4, 25
41, 4, 25
42, 4, 25
43, 4, 25
44, 4, 25
45, 4, 25
46, 4, 25
30, 5, 6
31, 5, 6
32, 5, 6
33, 5, 6
34, 5, 6
41, 5, 6
42, 5, 6
43, 5, 6
44, 5, 6
45, 5, 6
29, 5, 7
35, 5, 7
40, 5, 7
46, 5, 7
29, 5, 8
36, 5, 8
40, 5, 8
46, 5, 8
28, 5, 9
36, 5, 9
39, 5, 9
47, 5, 9
28, 5, 10
36, 5, 10
39, 5, 10
47, 5, 10
28, 5, 11
36, 5, 11
39, 5, 11
47, 5, 11
27, 5, 12
36, 5, 12
39, 5, 12
48, 5, 12
27, 5, 13
36, 5, 13
39, 5, 13
48, 5, 13
27, 5, 14
37, 5, 14
38, 5, 14
48, 5, 14
27, 5, 15
49, 5, 15
26, 5, 16
49, 5, 16
26, 5, 17
49, 5, 17
26, 5, 18
49, 5, 18
26, 5, 19
49, 5, 19
26, 5, 20
49, 5, 20
27, 5, 21
48, 5, 21
27, 5, 22
37, 5, 22
38, 5, 22
48, 5, 22
28, 5, 23
37, 5, 23
39, 5, 23
48, 5, 23
28, 5, 24
29, 5, 24
35, 5, 24
36, 5, 24
39, 5, 24
40, 5, 24
46, 5, 24
47, 5, 24
30, 5, 25
31, 5, 25
32, 5, 25
33, 5, 25
34, 5, 25
41, 5, 25
42, 5, 25
43, 5, 25
44, 5, 25
45, 5, 25
31, 6, 6
32, 6, 6
33, 6, 6
34, 6, 6
41, 6, 6
42, 6, 6
43, 6, 6
44, 6, 6
29, 6, 7
30, 6, 7
35, 6, 7
36, 6, 7
39, 6, 7
40, 6, 7
45, 6, 7
46, 6, 7
28, 6, 8
36, 6, 8
39, 6, 8
47, 6, 8
28, 6, 9
37, 6, 9
38, 6, 9
47, 6, 9
27, 6, 10
37, 6, 10
38, 6, 10
48, 6, 10
27, 6, 11
37, 6, 11
38, 6, 11
48, 6, 11
27, 6, 12
37, 6, 12
38, 6, 12
48, 6, 12
27, 6, 13
37, 6, 13
38, 6, 13
48, 6, 13
27, 6, 14
48, 6, 14
27, 6, 15
48, 6, 15
27, 6, 16
48, 6, 16
27, 6, 17
38, 6, 17
49, 6, 17
27, 6, 18
49, 6, 18
26, 6, 19
49, 6, 19
27, 6, 20
48, 6, 20
27, 6, 21
37, 6, 21
38, 6, 21
48, 6, 21
28, 6, 22
36, 6, 22
39, 6, 22
48, 6, 22
28, 6, 23
36, 6, 23
39, 6, 23
47, 6, 23
29, 6, 24
30, 6, 24
31, 6, 24
33, 6, 24
34, 6, 24
35, 6, 24
40, 6, 24
41, 6, 24
42, 6, 24
45, 6, 24
46, 6, 24
32, 6, 25
43, 6, 25
44, 6, 25
31, 7, 6
32, 7, 6
33, 7, 6
42, 7, 6
43, 7, 6
44, 7, 6
29, 7, 7
30, 7, 7
34, 7, 7
35, 7, 7
36, 7, 7
39, 7, 7
40, 7, 7
41, 7, 7
45, 7, 7
46, 7, 7
28, 7, 8
36, 7, 8
39, 7, 8
47, 7, 8
28, 7, 9
37, 7, 9
38, 7, 9
47, 7, 9
27, 7, 10
48, 7, 10
27, 7, 11
48, 7, 11
27, 7, 12
48, 7, 12
27, 7, 13
48, 7, 13
27, 7, 14
48, 7, 14
27, 7, 15
48, 7, 15
27, 7, 16
38, 7, 16
48, 7, 16
27, 7, 17
37, 7, 17
39, 7, 17
48, 7, 17
27, 7, 18
37, 7, 18
38, 7, 18
48, 7, 18
27, 7, 19
37, 7, 19
38, 7, 19
39, 7, 19
48, 7, 19
27, 7, 20
36, 7, 20
37, 7, 20
38, 7, 20
39, 7, 20
48, 7, 20
28, 7, 21
36, 7, 21
39, 7, 21
47, 7, 21
28, 7, 22
29, 7, 22
35, 7, 22
36, 7, 22
39, 7, 22
40, 7, 22
46, 7, 22
47, 7, 22
29, 7, 23
30, 7, 23
31, 7, 23
33, 7, 23
34, 7, 23
35, 7, 23
40, 7, 23
41, 7, 23
42, 7, 23
44, 7, 23
45, 7, 23
46, 7, 23
31, 7, 24
32, 7, 24
33, 7, 24
42, 7, 24
43, 7, 24
44, 7, 24
31, 8, 6
32, 8, 6
33, 8, 6
42, 8, 6
43, 8, 6
44, 8, 6
29, 8, 7
30, 8, 7
34, 8, 7
35, 8, 7
36, 8, 7
39, 8, 7
40, 8, 7
41, 8, 7
45, 8, 7
46, 8, 7
28, 8, 8
36, 8, 8
39, 8, 8
47, 8, 8
28, 8, 9
37, 8, 9
38, 8, 9
47, 8, 9
27, 8, 10
48, 8, 10
27, 8, 11
48, 8, 11
27, 8, 12
48, 8, 12
27, 8, 13
48, 8, 13
27, 8, 14
48, 8, 14
27, 8, 15
48, 8, 15
28, 8, 16
37, 8, 16
38, 8, 16
47, 8, 16
28, 8, 17
36, 8, 17
39, 8, 17
47, 8, 17
28, 8, 18
36, 8, 18
39, 8, 18
47, 8, 18
28, 8, 19
29, 8, 19
35, 8, 19
36, 8, 19
40, 8, 19
46, 8, 19
47, 8, 19
28, 8, 20
29, 8, 20
30, 8, 20
31, 8, 20
34, 8, 20
35, 8, 20
40, 8, 20
41, 8, 20
44, 8, 20
45, 8, 20
46, 8, 20
47, 8, 20
29, 8, 21
30, 8, 21
31, 8, 21
32, 8, 21
33, 8, 21
34, 8, 21
35, 8, 21
40, 8, 21
41, 8, 21
42, 8, 21
43, 8, 21
44, 8, 21
45, 8, 21
46, 8, 21
30, 8, 22
31, 8, 22
32, 8, 22
33, 8, 22
34, 8, 22
41, 8, 22
42, 8, 22
43, 8, 22
44, 8, 22
45, 8, 22
32, 8, 23
43, 8, 23
32, 9, 6
43, 9, 6
29, 9, 7
30, 9, 7
31, 9, 7
33, 9, 7
34, 9, 7
35, 9, 7
40, 9, 7
41, 9, 7
42, 9, 7
44, 9, 7
45, 9, 7
46, 9, 7
28, 9, 8
36, 9, 8
39, 9, 8
47, 9, 8
28, 9, 9
37, 9, 9
38, 9, 9
47, 9, 9
27, 9, 10
48, 9, 10
27, 9, 11
48, 9, 11
27, 9, 12
48, 9, 12
27, 9, 13
48, 9, 13
27, 9, 14
48, 9, 14
27, 9, 15
48, 9, 15
28, 9, 16
37, 9, 16
38, 9, 16
47, 9, 16
28, 9, 17
36, 9, 17
39, 9, 17
47, 9, 17
29, 9, 18
35, 9, 18
36, 9, 18
39, 9, 18
40, 9, 18
46, 9, 18
30, 9, 19
31, 9, 19
34, 9, 19
41, 9, 19
44, 9, 19
45, 9, 19
32, 9, 20
33, 9, 20
42, 9, 20
43, 9, 20
30, 10, 7
31, 10, 7
32, 10, 7
33, 10, 7
34, 10, 7
41, 10, 7
42, 10, 7
43, 10, 7
44, 10, 7
45, 10, 7
29, 10, 8
35, 10, 8
40, 10, 8
46, 10, 8
29, 10, 9
36, 10, 9
39, 10, 9
46, 10, 9
28, 10, 10
37, 10, 10
38, 10, 10
47, 10, 10
28, 10, 11
47, 10, 11
28, 10, 12
47, 10, 12
27, 10, 13
48, 10, 13
27, 10, 14
48, 10, 14
28, 10, 15
37, 10, 15
38, 10, 15
47, 10, 15
28, 10, 16
36, 10, 16
39, 10, 16
47, 10, 16
29, 10, 17
36, 10, 17
39, 10, 17
46, 10, 17
30, 10, 18
34, 10, 18
35, 10, 18
40, 10, 18
41, 10, 18
45, 10, 18
31, 10, 19
32, 10, 19
33, 10, 19
42, 10, 19
43, 10, 19
44, 10, 19
32, 11, 7
33, 11, 7
42, 11, 7
43, 11, 7
29, 11, 8
30, 11, 8
31, 11, 8
34, 11, 8
35, 11, 8
40, 11, 8
41, 11, 8
44, 11, 8
45, 11, 8
46, 11, 8
29, 11, 9
36, 11, 9
39, 11, 9
46, 11, 9
28, 11, 10
36, 11, 10
39, 11, 10
47, 11, 10
28, 11, 11
37, 11, 11
38, 11, 11
47, 11, 11
28, 11, 12
47, 11, 12
28, 11, 13
47, 11, 13
28, 11, 14
37, 11, 14
38, 11, 14
47, 11, 14
28, 11, 15
36, 11, 15
39, 11, 15
47, 11, 15
29, 11, 16
36, 11, 16
39, 11, 16
46, 11, 16
29, 11, 17
35, 11, 17
40, 11, 17
46, 11, 17
30, 11, 18
31, 11, 18
32, 11, 18
33, 11, 18
34, 11, 18
41, 11, 18
42, 11, 18
43, 11, 18
44, 11, 18
45, 11, 18
30, 12, 8
31, 12, 8
32, 12, 8
33, 12, 8
34, 12, 8
35, 12, 8
40, 12, 8
41, 12, 8
42, 12, 8
43, 12, 8
44, 12, 8
45, 12, 8
29, 12, 9
36, 12, 9
39, 12, 9
46, 12, 9
28, 12, 10
36, 12, 10
39, 12, 10
47, 12, 10
28, 12, 11
37, 12, 11
38, 12, 11
47, 12, 11
28, 12, 12
47, 12, 12
28, 12, 13
47, 12, 13
28, 12, 14
37, 12, 14
38, 12, 14
47, 12, 14
28, 12, 15
36, 12, 15
39, 12, 15
47, 12, 15
29, 12, 16
36, 12, 16
39, 12, 16
46, 12, 16
30, 12, 17
35, 12, 17
40, 12, 17
45, 12, 17
31, 12, 18
32, 12, 18
33, 12, 18
34, 12, 18
41, 12, 18
42, 12, 18
43, 12, 18
44, 12, 18
30, 13, 8
31, 13, 8
32, 13, 8
33, 13, 8
34, 13, 8
35, 13, 8
40, 13, 8
41, 13, 8
42, 13, 8
43, 13, 8
44, 13, 8
45, 13, 8
29, 13, 9
36, 13, 9
39, 13, 9
46, 13, 9
28, 13, 10
36, 13, 10
39, 13, 10
47, 13, 10
28, 13, 11
37, 13, 11
38, 13, 11
47, 13, 11
28, 13, 12
47, 13, 12
28, 13, 13
47, 13, 13
28, 13, 14
37, 13, 14
38, 13, 14
47, 13, 14
28, 13, 15
36, 13, 15
39, 13, 15
47, 13, 15
29, 13, 16
36, 13, 16
39, 13, 16
46, 13, 16
30, 13, 17
35, 13, 17
40, 13, 17
45, 13, 17
31, 13, 18
32, 13, 18
33, 13, 18
34, 13, 18
41, 13, 18
42, 13, 18
43, 13, 18
44, 13, 18
30, 14, 8
31, 14, 8
32, 14, 8
33, 14, 8
34, 14, 8
35, 14, 8
40, 14, 8
41, 14, 8
42, 14, 8
43, 14, 8
44, 14, 8
45, 14, 8
30, 14, 9
35, 14, 9
40, 14, 9
45, 14, 9
29, 14, 10
36, 14, 10
39, 14, 10
46, 14, 10
28, 14, 11
37, 14, 11
38, 14, 11
47, 14, 11
28, 14, 12
47, 14, 12
28, 14, 13
47, 14, 13
28, 14, 14
37, 14, 14
38, 14, 14
47, 14, 14
28, 14, 15
36, 14, 15
39, 14, 15
47, 14, 15
29, 14, 16
36, 14, 16
39, 14, 16
46, 14, 16
30, 14, 17
35, 14, 17
40, 14, 17
45, 14, 17
31, 14, 18
32, 14, 18
33, 14, 18
34, 14, 18
41, 14, 18
42, 14, 18
43, 14, 18
44, 14, 18
30, 15, 8
31, 15, 8
32, 15, 8
33, 15, 8
34, 15, 8
35, 15, 8
40, 15, 8
41, 15, 8
42, 15, 8
43, 15, 8
44, 15, 8
45, 15, 8
29, 15, 9
36, 15, 9
39, 15, 9
46, 15, 9
29, 15, 10
36, 15, 10
39, 15, 10
46, 15, 10
28, 15, 11
37, 15, 11
38, 15, 11
47, 15, 11
28, 15, 12
47, 15, 12
28, 15, 13
47, 15, 13
28, 15, 14
47, 15, 14
28, 15, 15
37, 15, 15
38, 15, 15
47, 15, 15
29, 15, 16
36, 15, 16
39, 15, 16
46, 15, 16
30, 15, 17
35, 15, 17
40, 15, 17
45, 15, 17
31, 15, 18
32, 15, 18
33, 15, 18
34, 15, 18
41, 15, 18
42, 15, 18
43, 15, 18
44, 15, 18
30, 16, 8
31, 16, 8
32, 16, 8
33, 16, 8
34, 16, 8
35, 16, 8
40, 16, 8
41, 16, 8
42, 16, 8
43, 16, 8
44, 16, 8
45, 16, 8
29, 16, 9
36, 16, 9
39, 16, 9
46, 16, 9
28, 16, 10
36, 16, 10
39, 16, 10
47, 16, 10
28, 16, 11
37, 16, 11
38, 16, 11
47, 16, 11
28, 16, 12
47, 16, 12
28, 16, 13
47, 16, 13
28, 16, 14
47, 16, 14
28, 16, 15
37, 16, 15
38, 16, 15
47, 16, 15
29, 16, 16
36, 16, 16
39, 16, 16
46, 16, 16
30, 16, 17
35, 16, 17
40, 16, 17
45, 16, 17
31, 16, 18
32, 16, 18
33, 16, 18
34, 16, 18
41, 16, 18
42, 16, 18
43, 16, 18
44, 16, 18
30, 17, 8
31, 17, 8
32, 17, 8
33, 17, 8
34, 17, 8
35, 17, 8
40, 17, 8
41, 17, 8
42, 17, 8
43, 17, 8
44, 17, 8
45, 17, 8
30, 17, 9
36, 17, 9
39, 17, 9
45, 17, 9
29, 17, 10
36, 17, 10
39, 17, 10
46, 17, 10
29, 17, 11
37, 17, 11
38, 17, 11
46, 17, 11
28, 17, 12
47, 17, 12
28, 17, 13
47, 17, 13
28, 17, 14
47, 17, 14
28, 17, 15
37, 17, 15
38, 17, 15
47, 17, 15
29, 17, 16
36, 17, 16
39, 17, 16
46, 17, 16
30, 17, 17
35, 17, 17
36, 17, 17
39, 17, 17
40, 17, 17
45, 17, 17
31, 17, 18
32, 17, 18
33, 17, 18
34, 17, 18
41, 17, 18
42, 17, 18
43, 17, 18
44, 17, 18
30, 18, 8
31, 18, 8
32, 18, 8
33, 18, 8
34, 18, 8
35, 18, 8
40, 18, 8
41, 18, 8
42, 18, 8
43, 18, 8
44, 18, 8
45, 18, 8
30, 18, 9
36, 18, 9
39, 18, 9
45, 18, 9
29, 18, 10
36, 18, 10
39, 18, 10
46, 18, 10
28, 18, 11
37, 18, 11
38, 18, 11
47, 18, 11
28, 18, 12
47, 18, 12
28, 18, 13
47, 18, 13
28, 18, 14
47, 18, 14
29, 18, 15
37, 18, 15
38, 18, 15
46, 18, 15
29, 18, 16
36, 18, 16
39, 18, 16
46, 18, 16
30, 18, 17
35, 18, 17
36, 18, 17
39, 18, 17
40, 18, 17
45, 18, 17
31, 18, 18
32, 18, 18
33, 18, 18
34, 18, 18
41, 18, 18
42, 18, 18
43, 18, 18
44, 18, 18
30, 19, 8
31, 19, 8
32, 19, 8
33, 19, 8
34, 19, 8
35, 19, 8
40, 19, 8
41, 19, 8
42, 19, 8
43, 19, 8
44, 19, 8
45, 19, 8
30, 19, 9
35, 19, 9
40, 19, 9
45, 19, 9
29, 19, 10
36, 19, 10
39, 19, 10
46, 19, 10
28, 19, 11
37, 19, 11
38, 19, 11
47, 19, 11
28, 19, 12
47, 19, 12
28, 19, 13
47, 19, 13
28, 19, 14
47, 19, 14
29, 19, 15
37, 19, 15
38, 19, 15
46, 19, 15
29, 19, 16
36, 19, 16
39, 19, 16
46, 19, 16
29, 19, 17
30, 19, 17
36, 19, 17
39, 19, 17
45, 19, 17
46, 19, 17
31, 19, 18
32, 19, 18
33, 19, 18
34, 19, 18
35, 19, 18
40, 19, 18
41, 19, 18
42, 19, 18
43, 19, 18
44, 19, 18
30, 20, 8
31, 20, 8
32, 20, 8
33, 20, 8
34, 20, 8
35, 20, 8
40, 20, 8
41, 20, 8
42, 20, 8
43, 20, 8
44, 20, 8
45, 20, 8
29, 20, 9
36, 20, 9
39, 20, 9
46, 20, 9
29, 20, 10
36, 20, 10
39, 20, 10
46, 20, 10
28, 20, 11
37, 20, 11
38, 20, 11
47, 20, 11
28, 20, 12
47, 20, 12
28, 20, 13
47, 20, 13
28, 20, 14
47, 20, 14
28, 20, 15
37, 20, 15
38, 20, 15
47, 20, 15
29, 20, 16
36, 20, 16
39, 20, 16
46, 20, 16
29, 20, 17
30, 20, 17
36, 20, 17
39, 20, 17
45, 20, 17
46, 20, 17
31, 20, 18
32, 20, 18
33, 20, 18
34, 20, 18
35, 20, 18
40, 20, 18
41, 20, 18
42, 20, 18
43, 20, 18
44, 20, 18
30, 21, 8
31, 21, 8
32, 21, 8
33, 21, 8
34, 21, 8
35, 21, 8
40, 21, 8
41, 21, 8
42, 21, 8
43, 21, 8
44, 21, 8
45, 21, 8
29, 21, 9
36, 21, 9
39, 21, 9
46, 21, 9
29, 21, 10
37, 21, 10
38, 21, 10
46, 21, 10
28, 21, 11
47, 21, 11
28, 21, 12
47, 21, 12
28, 21, 13
47, 21, 13
28, 21, 14
47, 21, 14
28, 21, 15
47, 21, 15
29, 21, 16
37, 21, 16
38, 21, 16
46, 21, 16
29, 21, 17
37, 21, 17
38, 21, 17
46, 21, 17
30, 21, 18
31, 21, 18
34, 21, 18
35, 21, 18
36, 21, 18
37, 21, 18
38, 21, 18
39, 21, 18
40, 21, 18
41, 21, 18
44, 21, 18
45, 21, 18
32, 21, 19
33, 21, 19
42, 21, 19
43, 21, 19
34, 22, 6
41, 22, 6
32, 22, 7
33, 22, 7
34, 22, 7
35, 22, 7
36, 22, 7
37, 22, 7
38, 22, 7
39, 22, 7
40, 22, 7
41, 22, 7
42, 22, 7
43, 22, 7
30, 22, 8
31, 22, 8
36, 22, 8
37, 22, 8
38, 22, 8
39, 22, 8
44, 22, 8
45, 22, 8
29, 22, 9
37, 22, 9
38, 22, 9
46, 22, 9
29, 22, 10
46, 22, 10
28, 22, 11
47, 22, 11
28, 22, 12
47, 22, 12
28, 22, 13
47, 22, 13
28, 22, 14
47, 22, 14
28, 22, 15
47, 22, 15
28, 22, 16
47, 22, 16
29, 22, 17
46, 22, 17
30, 22, 18
45, 22, 18
31, 22, 19
32, 22, 19
33, 22, 19
34, 22, 19
35, 22, 19
36, 22, 19
37, 22, 19
38, 22, 19
39, 22, 19
40, 22, 19
41, 22, 19
42, 22, 19
43, 22, 19
44, 22, 19
34, 22, 20
35, 22, 20
36, 22, 20
37, 22, 20
38, 22, 20
39, 22, 20
40, 22, 20
41, 22, 20
32, 23, 6
33, 23, 6
34, 23, 6
35, 23, 6
36, 23, 6
37, 23, 6
38, 23, 6
39, 23, 6
40, 23, 6
41, 23, 6
42, 23, 6
43, 23, 6
30, 23, 7
31, 23, 7
44, 23, 7
45, 23, 7
29, 23, 8
46, 23, 8
29, 23, 9
46, 23, 9
28, 23, 10
47, 23, 10
28, 23, 11
47, 23, 11
28, 23, 12
47, 23, 12
28, 23, 13
47, 23, 13
28, 23, 14
47, 23, 14
28, 23, 15
47, 23, 15
28, 23, 16
47, 23, 16
28, 23, 17
47, 23, 17
29, 23, 18
30, 23, 18
45, 23, 18
46, 23, 18
31, 23, 19
44, 23, 19
32, 23, 20
33, 23, 20
42, 23, 20
43, 23, 20
34, 23, 21
35, 23, 21
36, 23, 21
37, 23, 21
38, 23, 21
39, 23, 21
40, 23, 21
41, 23, 21
38, 23, 22
33, 24, 5
34, 24, 5
35, 24, 5
36, 24, 5
37, 24, 5
38, 24, 5
39, 24, 5
40, 24, 5
41, 24, 5
42, 24, 5
30, 24, 6
31, 24, 6
32, 24, 6
43, 24, 6
44, 24, 6
45, 24, 6
30, 24, 7
45, 24, 7
29, 24, 8
46, 24, 8
28, 24, 9
47, 24, 9
28, 24, 10
47, 24, 10
28, 24, 11
47, 24, 11
28, 24, 12
47, 24, 12
28, 24, 13
47, 24, 13
28, 24, 14
47, 24, 14
28, 24, 15
47, 24, 15
28, 24, 16
47, 24, 16
28, 24, 17
47, 24, 17
29, 24, 18
46, 24, 18
29, 24, 19
30, 24, 19
45, 24, 19
46, 24, 19
30, 24, 20
31, 24, 20
44, 24, 20
45, 24, 20
32, 24, 21
33, 24, 21
42, 24, 21
43, 24, 21
34, 24, 22
35, 24, 22
36, 24, 22
37, 24, 22
38, 24, 22
39, 24, 22
40, 24, 22
41, 24, 22
32, 25, 5
33, 25, 5
34, 25, 5
35, 25, 5
36, 25, 5
37, 25, 5
38, 25, 5
39, 25, 5
40, 25, 5
41, 25, 5
42, 25, 5
43, 25, 5
30, 25, 6
31, 25, 6
44, 25, 6
45, 25, 6
29, 25, 7
46, 25, 7
29, 25, 8
46, 25, 8
28, 25, 9
47, 25, 9
28, 25, 10
47, 25, 10
27, 25, 11
48, 25, 11
27, 25, 12
48, 25, 12
27, 25, 13
48, 25, 13
27, 25, 14
48, 25, 14
27, 25, 15
48, 25, 15
28, 25, 16
47, 25, 16
28, 25, 17
47, 25, 17
28, 25, 18
47, 25, 18
29, 25, 19
46, 25, 19
30, 25, 20
45, 25, 20
31, 25, 21
32, 25, 21
43, 25, 21
44, 25, 21
33, 25, 22
34, 25, 22
41, 25, 22
42, 25, 22
35, 25, 23
36, 25, 23
37, 25, 23
38, 25, 23
39, 25, 23
40, 25, 23
32, 26, 5
33, 26, 5
34, 26, 5
35, 26, 5
36, 26, 5
37, 26, 5
38, 26, 5
39, 26, 5
40, 26, 5
41, 26, 5
42, 26, 5
43, 26, 5
30, 26, 6
31, 26, 6
44, 26, 6
45, 26, 6
29, 26, 7
46, 26, 7
28, 26, 8
47, 26, 8
28, 26, 9
47, 26, 9
28, 26, 10
47, 26, 10
27, 26, 11
48, 26, 11
27, 26, 12
48, 26, 12
27, 26, 13
48, 26, 13
27, 26, 14
48, 26, 14
27, 26, 15
48, 26, 15
28, 26, 16
47, 26, 16
28, 26, 17
47, 26, 17
28, 26, 18
47, 26, 18
28, 26, 19
47, 26, 19
29, 26, 20
46, 26, 20
30, 26, 21
31, 26, 21
44, 26, 21
45, 26, 21
32, 26, 22
43, 26, 22
33, 26, 23
34, 26, 23
35, 26, 23
36, 26, 23
37, 26, 23
38, 26, 23
39, 26, 23
40, 26, 23
41, 26, 23
42, 26, 23
32, 27, 5
33, 27, 5
34, 27, 5
35, 27, 5
36, 27, 5
37, 27, 5
38, 27, 5
39, 27, 5
40, 27, 5
41, 27, 5
42, 27, 5
43, 27, 5
30, 27, 6
31, 27, 6
44, 27, 6
45, 27, 6
29, 27, 7
46, 27, 7
28, 27, 8
47, 27, 8
28, 27, 9
47, 27, 9
27, 27, 10
48, 27, 10
27, 27, 11
48, 27, 11
27, 27, 12
48, 27, 12
27, 27, 13
48, 27, 13
27, 27, 14
48, 27, 14
27, 27, 15
48, 27, 15
27, 27, 16
48, 27, 16
27, 27, 17
48, 27, 17
28, 27, 18
47, 27, 18
28, 27, 19
47, 27, 19
29, 27, 20
46, 27, 20
30, 27, 21
45, 27, 21
31, 27, 22
32, 27, 22
43, 27, 22
44, 27, 22
33, 27, 23
34, 27, 23
35, 27, 23
40, 27, 23
41, 27, 23
42, 27, 23
36, 27, 24
37, 27, 24
38, 27, 24
39, 27, 24
32, 28, 5
33, 28, 5
34, 28, 5
35, 28, 5
36, 28, 5
37, 28, 5
38, 28, 5
39, 28, 5
40, 28, 5
41, 28, 5
42, 28, 5
43, 28, 5
30, 28, 6
31, 28, 6
44, 28, 6
45, 28, 6
29, 28, 7
46, 28, 7
28, 28, 8
47, 28, 8
28, 28, 9
47, 28, 9
27, 28, 10
48, 28, 10
27, 28, 11
48, 28, 11
27, 28, 12
48, 28, 12
27, 28, 13
48, 28, 13
27, 28, 14
48, 28, 14
27, 28, 15
48, 28, 15
27, 28, 16
48, 28, 16
27, 28, 17
48, 28, 17
28, 28, 18
47, 28, 18
28, 28, 19
47, 28, 19
29, 28, 20
46, 28, 20
29, 28, 21
46, 28, 21
30, 28, 22
31, 28, 22
44, 28, 22
45, 28, 22
32, 28, 23
33, 28, 23
42, 28, 23
43, 28, 23
34, 28, 24
35, 28, 24
36, 28, 24
37, 28, 24
38, 28, 24
39, 28, 24
40, 28, 24
41, 28, 24
33, 29, 5
34, 29, 5
35, 29, 5
36, 29, 5
37, 29, 5
38, 29, 5
39, 29, 5
40, 29, 5
41, 29, 5
42, 29, 5
30, 29, 6
31, 29, 6
32, 29, 6
43, 29, 6
44, 29, 6
45, 29, 6
29, 29, 7
46, 29, 7
28, 29, 8
47, 29, 8
28, 29, 9
47, 29, 9
27, 29, 10
48, 29, 10
27, 29, 11
48, 29, 11
27, 29, 12
48, 29, 12
27, 29, 13
48, 29, 13
27, 29, 14
48, 29, 14
27, 29, 15
48, 29, 15
27, 29, 16
48, 29, 16
27, 29, 17
48, 29, 17
28, 29, 18
47, 29, 18
28, 29, 19
47, 29, 19
28, 29, 20
47, 29, 20
29, 29, 21
46, 29, 21
30, 29, 22
31, 29, 22
44, 29, 22
45, 29, 22
32, 29, 23
33, 29, 23
42, 29, 23
43, 29, 23
34, 29, 24
35, 29, 24
36, 29, 24
37, 29, 24
38, 29, 24
39, 29, 24
40, 29, 24
41, 29, 24
33, 30, 5
34, 30, 5
35, 30, 5
36, 30, 5
37, 30, 5
38, 30, 5
39, 30, 5
40, 30, 5
41, 30, 5
42, 30, 5
30, 30, 6
31, 30, 6
32, 30, 6
43, 30, 6
44, 30, 6
45, 30, 6
29, 30, 7
46, 30, 7
28, 30, 8
47, 30, 8
28, 30, 9
47, 30, 9
27, 30, 10
48, 30, 10
27, 30, 11
48, 30, 11
27, 30, 12
48, 30, 12
27, 30, 13
48, 30, 13
27, 30, 14
48, 30, 14
27, 30, 15
48, 30, 15
27, 30, 16
48, 30, 16
27, 30, 17
48, 30, 17
28, 30, 18
47, 30, 18
28, 30, 19
47, 30, 19
28, 30, 20
47, 30, 20
29, 30, 21
46, 30, 21
30, 30, 22
31, 30, 22
44, 30, 22
45, 30, 22
32, 30, 23
43, 30, 23
33, 30, 24
34, 30, 24
35, 30, 24
36, 30, 24
37, 30, 24
38, 30, 24
39, 30, 24
40, 30, 24
41, 30, 24
42, 30, 24
34, 31, 5
35, 31, 5
36, 31, 5
37, 31, 5
38, 31, 5
39, 31, 5
40, 31, 5
41, 31, 5
31, 31, 6
32, 31, 6
33, 31, 6
42, 31, 6
43, 31, 6
44, 31, 6
29, 31, 7
30, 31, 7
45, 31, 7
46, 31, 7
28, 31, 8
47, 31, 8
28, 31, 9
47, 31, 9
27, 31, 10
48, 31, 10
27, 31, 11
48, 31, 11
27, 31, 12
48, 31, 12
27, 31, 13
48, 31, 13
27, 31, 14
48, 31, 14
27, 31, 15
48, 31, 15
27, 31, 16
48, 31, 16
27, 31, 17
48, 31, 17
28, 31, 18
47, 31, 18
28, 31, 19
47, 31, 19
28, 31, 20
47, 31, 20
29, 31, 21
46, 31, 21
30, 31, 22
45, 31, 22
31, 31, 23
32, 31, 23
43, 31, 23
44, 31, 23
33, 31, 24
34, 31, 24
35, 31, 24
36, 31, 24
37, 31, 24
38, 31, 24
39, 31, 24
40, 31, 24
41, 31, 24
42, 31, 24
34, 32, 5
35, 32, 5
36, 32, 5
37, 32, 5
38, 32, 5
39, 32, 5
40, 32, 5
41, 32, 5
31, 32, 6
32, 32, 6
33, 32, 6
42, 32, 6
43, 32, 6
44, 32, 6
29, 32, 7
30, 32, 7
45, 32, 7
46, 32, 7
28, 32, 8
47, 32, 8
28, 32, 9
47, 32, 9
27, 32, 10
48, 32, 10
27, 32, 11
48, 32, 11
27, 32, 12
48, 32, 12
27, 32, 13
48, 32, 13
27, 32, 14
48, 32, 14
27, 32, 15
48, 32, 15
27, 32, 16
48, 32, 16
27, 32, 17
48, 32, 17
28, 32, 18
47, 32, 18
28, 32, 19
47, 32, 19
29, 32, 20
46, 32, 20
29, 32, 21
46, 32, 21
30, 32, 22
31, 32, 22
44, 32, 22
45, 32, 22
32, 32, 23
33, 32, 23
42, 32, 23
43, 32, 23
34, 32, 24
35, 32, 24
36, 32, 24
37, 32, 24
38, 32, 24
39, 32, 24
40, 32, 24
41, 32, 24
34, 33, 5
35, 33, 5
36, 33, 5
37, 33, 5
38, 33, 5
39, 33, 5
40, 33, 5
41, 33, 5
31, 33, 6
32, 33, 6
33, 33, 6
42, 33, 6
43, 33, 6
44, 33, 6
29, 33, 7
30, 33, 7
45, 33, 7
46, 33, 7
28, 33, 8
47, 33, 8
28, 33, 9
47, 33, 9
27, 33, 10
48, 33, 10
27, 33, 11
48, 33, 11
27, 33, 12
48, 33, 12
27, 33, 13
48, 33, 13
27, 33, 14
48, 33, 14
27, 33, 15
48, 33, 15
27, 33, 16
48, 33, 16
28, 33, 17
47, 33, 17
28, 33, 18
47, 33, 18
28, 33, 19
47, 33, 19
29, 33, 20
46, 33, 20
29, 33, 21
46, 33, 21
30, 33, 22
45, 33, 22
31, 33, 23
32, 33, 23
33, 33, 23
42, 33, 23
43, 33, 23
44, 33, 23
34, 33, 24
35, 33, 24
36, 33, 24
37, 33, 24
38, 33, 24
39, 33, 24
40, 33, 24
41, 33, 24
33, 34, 5
34, 34, 5
35, 34, 5
36, 34, 5
37, 34, 5
38, 34, 5
39, 34, 5
40, 34, 5
41, 34, 5
42, 34, 5
30, 34, 6
31, 34, 6
32, 34, 6
43, 34, 6
44, 34, 6
45, 34, 6
29, 34, 7
46, 34, 7
28, 34, 8
47, 34, 8
28, 34, 9
47, 34, 9
28, 34, 10
47, 34, 10
28, 34, 11
47, 34, 11
27, 34, 12
48, 34, 12
27, 34, 13
48, 34, 13
27, 34, 14
48, 34, 14
27, 34, 15
48, 34, 15
27, 34, 16
48, 34, 16
27, 34, 17
48, 34, 17
28, 34, 18
47, 34, 18
28, 34, 19
47, 34, 19
29, 34, 20
46, 34, 20
29, 34, 21
46, 34, 21
30, 34, 22
45, 34, 22
31, 34, 23
32, 34, 23
34, 34, 23
41, 34, 23
43, 34, 23
44, 34, 23
33, 34, 24
35, 34, 24
36, 34, 24
37, 34, 24
38, 34, 24
39, 34, 24
40, 34, 24
42, 34, 24
33, 35, 5
34, 35, 5
35, 35, 5
36, 35, 5
37, 35, 5
38, 35, 5
39, 35, 5
40, 35, 5
41, 35, 5
42, 35, 5
30, 35, 6
31, 35, 6
32, 35, 6
43, 35, 6
44, 35, 6
45, 35, 6
29, 35, 7
46, 35, 7
29, 35, 8
46, 35, 8
28, 35, 9
47, 35, 9
28, 35, 10
47, 35, 10
27, 35, 11
48, 35, 11
27, 35, 12
48, 35, 12
27, 35, 13
48, 35, 13
27, 35, 14
48, 35, 14
28, 35, 15
47, 35, 15
28, 35, 16
47, 35, 16
28, 35, 17
47, 35, 17
28, 35, 18
47, 35, 18
28, 35, 19
47, 35, 19
29, 35, 20
46, 35, 20
29, 35, 21
46, 35, 21
30, 35, 22
45, 35, 22
31, 35, 23
32, 35, 23
34, 35, 23
35, 35, 23
36, 35, 23
39, 35, 23
40, 35, 23
41, 35, 23
43, 35, 23
44, 35, 23
33, 35, 24
37, 35, 24
38, 35, 24
42, 35, 24
33, 36, 5
34, 36, 5
35, 36, 5
36, 36, 5
37, 36, 5
38, 36, 5
39, 36, 5
40, 36, 5
41, 36, 5
42, 36, 5
30, 36, 6
31, 36, 6
32, 36, 6
43, 36, 6
44, 36, 6
45, 36, 6
29, 36, 7
46, 36, 7
28, 36, 8
47, 36, 8
28, 36, 9
47, 36, 9
28, 36, 10
47, 36, 10
14, 36, 11
15, 36, 11
28, 36, 11
47, 36, 11
60, 36, 11
61, 36, 11
14, 36, 12
15, 36, 12
28, 36, 12
47, 36, 12
60, 36, 12
61, 36, 12
15, 36, 13
28, 36, 13
47, 36, 13
60, 36, 13
27, 36, 14
48, 36, 14
28, 36, 15
47, 36, 15
28, 36, 16
47, 36, 16
28, 36, 17
47, 36, 17
29, 36, 18
46, 36, 18
29, 36, 19
46, 36, 19
29, 36, 20
46, 36, 20
30, 36, 21
45, 36, 21
30, 36, 22
45, 36, 22
31, 36, 23
32, 36, 23
33, 36, 23
34, 36, 23
35, 36, 23
36, 36, 23
37, 36, 23
38, 36, 23
39, 36, 23
40, 36, 23
41, 36, 23
42, 36, 23
43, 36, 23
44, 36, 23
32, 37, 5
33, 37, 5
34, 37, 5
35, 37, 5
36, 37, 5
37, 37, 5
38, 37, 5
39, 37, 5
40, 37, 5
41, 37, 5
42, 37, 5
43, 37, 5
31, 37, 6
44, 37, 6
29, 37, 7
30, 37, 7
45, 37, 7
46, 37, 7
15, 37, 8
29, 37, 8
46, 37, 8
60, 37, 8
13, 37, 9
14, 37, 9
15, 37, 9
28, 37, 9
47, 37, 9
60, 37, 9
61, 37, 9
62, 37, 9
11, 37, 10
12, 37, 10
13, 37, 10
14, 37, 10
15, 37, 10
16, 37, 10
17, 37, 10
18, 37, 10
19, 37, 10
20, 37, 10
21, 37, 10
22, 37, 10
23, 37, 10
24, 37, 10
25, 37, 10
26, 37, 10
27, 37, 10
48, 37, 10
49, 37, 10
50, 37, 10
51, 37, 10
52, 37, 10
53, 37, 10
54, 37, 10
55, 37, 10
56, 37, 10
57, 37, 10
58, 37, 10
59, 37, 10
60, 37, 10
61, 37, 10
62, 37, 10
63, 37, 10
64, 37, 10
10, 37, 11
11, 37, 11
12, 37, 11
13, 37, 11
16, 37, 11
17, 37, 11
18, 37, 11
19, 37, 11
20, 37, 11
21, 37, 11
22, 37, 11
23, 37, 11
24, 37, 11
25, 37, 11
26, 37, 11
27, 37, 11
48, 37, 11
49, 37, 11
50, 37, 11
51, 37, 11
52, 37, 11
53, 37, 11
54, 37, 11
55, 37, 11
56, 37, 11
57, 37, 11
58, 37, 11
59, 37, 11
62, 37, 11
63, 37, 11
64, 37, 11
65, 37, 11
11, 37, 12
12, 37, 12
13, 37, 12
16, 37, 12
17, 37, 12
18, 37, 12
19, 37, 12
20, 37, 12
21, 37, 12
22, 37, 12
23, 37, 12
24, 37, 12
25, 37, 12
26, 37, 12
27, 37, 12
48, 37, 12
49, 37, 12
50, 37, 12
51, 37, 12
52, 37, 12
53, 37, 12
54, 37, 12
55, 37, 12
56, 37, 12
57, 37, 12
58, 37, 12
59, 37, 12
62, 37, 12
63, 37, 12
64, 37, 12
9, 37, 13
10, 37, 13
11, 37, 13
12, 37, 13
13, 37, 13
14, 37, 13
15, 37, 13
17, 37, 13
18, 37, 13
19, 37, 13
20, 37, 13
21, 37, 13
22, 37, 13
23, 37, 13
24, 37, 13
25, 37, 13
26, 37, 13
27, 37, 13
48, 37, 13
49, 37, 13
50, 37, 13
51, 37, 13
52, 37, 13
53, 37, 13
54, 37, 13
55, 37, 13
56, 37, 13
57, 37, 13
58, 37, 13
60, 37, 13
61, 37, 13
62, 37, 13
63, 37, 13
64, 37, 13
65, 37, 13
66, 37, 13
9, 37, 14
10, 37, 14
11, 37, 14
12, 37, 14
13, 37, 14
14, 37, 14
15, 37, 14
21, 37, 14
22, 37, 14
27, 37, 14
48, 37, 14
53, 37, 14
54, 37, 14
60, 37, 14
61, 37, 14
62, 37, 14
63, 37, 14
64, 37, 14
65, 37, 14
66, 37, 14
7, 37, 15
8, 37, 15
9, 37, 15
10, 37, 15
11, 37, 15
12, 37, 15
14, 37, 15
15, 37, 15
28, 37, 15
47, 37, 15
60, 37, 15
61, 37, 15
63, 37, 15
64, 37, 15
65, 37, 15
66, 37, 15
67, 37, 15
68, 37, 15
7, 37, 16
8, 37, 16
9, 37, 16
10, 37, 16
11, 37, 16
12, 37, 16
28, 37, 16
47, 37, 16
63, 37, 16
64, 37, 16
65, 37, 16
66, 37, 16
67, 37, 16
68, 37, 16
7, 37, 17
8, 37, 17
9, 37, 17
10, 37, 17
11, 37, 17
28, 37, 17
47, 37, 17
64, 37, 17
65, 37, 17
66, 37, 17
67, 37, 17
68, 37, 17
9, 37, 18
29, 37, 18
46, 37, 18
66, 37, 18
29, 37, 19
46, 37, 19
30, 37, 20
45, 37, 20
30, 37, 21
45, 37, 21
30, 37, 22
31, 37, 22
34, 37, 22
35, 37, 22
36, 37, 22
37, 37, 22
38, 37, 22
39, 37, 22
40, 37, 22
41, 37, 22
44, 37, 22
45, 37, 22
32, 37, 23
33, 37, 23
42, 37, 23
43, 37, 23
33, 38, 5
34, 38, 5
35, 38, 5
36, 38, 5
37, 38, 5
38, 38, 5
39, 38, 5
40, 38, 5
41, 38, 5
42, 38, 5
31, 38, 6
32, 38, 6
43, 38, 6
44, 38, 6
29, 38, 7
30, 38, 7
45, 38, 7
46, 38, 7
11, 38, 8
13, 38, 8
14, 38, 8
15, 38, 8
28, 38, 8
47, 38, 8
60, 38, 8
61, 38, 8
62, 38, 8
64, 38, 8
8, 38, 9
9, 38, 9
10, 38, 9
11, 38, 9
12, 38, 9
16, 38, 9
17, 38, 9
18, 38, 9
19, 38, 9
20, 38, 9
21, 38, 9
22, 38, 9
23, 38, 9
24, 38, 9
25, 38, 9
26, 38, 9
27, 38, 9
48, 38, 9
49, 38, 9
50, 38, 9
51, 38, 9
52, 38, 9
53, 38, 9
54, 38, 9
55, 38, 9
56, 38, 9
57, 38, 9
58, 38, 9
59, 38, 9
63, 38, 9
64, 38, 9
65, 38, 9
66, 38, 9
67, 38, 9
8, 38, 10
9, 38, 10
10, 38, 10
65, 38, 10
66, 38, 10
67, 38, 10
8, 38, 11
9, 38, 11
66, 38, 11
67, 38, 11
8, 38, 12
9, 38, 12
10, 38, 12
65, 38, 12
66, 38, 12
67, 38, 12
9, 38, 13
16, 38, 13
59, 38, 13
66, 38, 13
8, 38, 14
16, 38, 14
17, 38, 14
18, 38, 14
19, 38, 14
20, 38, 14
21, 38, 14
23, 38, 14
24, 38, 14
25, 38, 14
26, 38, 14
49, 38, 14
50, 38, 14
51, 38, 14
52, 38, 14
54, 38, 14
55, 38, 14
56, 38, 14
57, 38, 14
58, 38, 14
59, 38, 14
67, 38, 14
5, 38, 15
6, 38, 15
7, 38, 15
13, 38, 15
15, 38, 15
22, 38, 15
24, 38, 15
25, 38, 15
26, 38, 15
27, 38, 15
48, 38, 15
49, 38, 15
50, 38, 15
51, 38, 15
53, 38, 15
60, 38, 15
62, 38, 15
68, 38, 15
69, 38, 15
70, 38, 15
4, 38, 16
5, 38, 16
6, 38, 16
13, 38, 16
14, 38, 16
15, 38, 16
28, 38, 16
47, 38, 16
60, 38, 16
61, 38, 16
62, 38, 16
69, 38, 16
70, 38, 16
71, 38, 16
4, 38, 17
5, 38, 17
6, 38, 17
11, 38, 17
12, 38, 17
28, 38, 17
47, 38, 17
63, 38, 17
64, 38, 17
69, 38, 17
70, 38, 17
71, 38, 17
4, 38, 18
5, 38, 18
6, 38, 18
7, 38, 18
8, 38, 18
9, 38, 18
10, 38, 18
29, 38, 18
46, 38, 18
65, 38, 18
66, 38, 18
67, 38, 18
68, 38, 18
69, 38, 18
70, 38, 18
71, 38, 18
30, 38, 19
45, 38, 19
30, 38, 20
45, 38, 20
31, 38, 21
32, 38, 21
36, 38, 21
37, 38, 21
38, 38, 21
39, 38, 21
43, 38, 21
44, 38, 21
32, 38, 22
33, 38, 22
34, 38, 22
35, 38, 22
40, 38, 22
41, 38, 22
42, 38, 22
43, 38, 22
33, 39, 5
34, 39, 5
35, 39, 5
36, 39, 5
37, 39, 5
38, 39, 5
39, 39, 5
40, 39, 5
41, 39, 5
42, 39, 5
31, 39, 6
32, 39, 6
43, 39, 6
44, 39, 6
29, 39, 7
30, 39, 7
45, 39, 7
46, 39, 7
8, 39, 8
9, 39, 8
10, 39, 8
11, 39, 8
12, 39, 8
13, 39, 8
14, 39, 8
15, 39, 8
26, 39, 8
27, 39, 8
28, 39, 8
47, 39, 8
48, 39, 8
49, 39, 8
60, 39, 8
61, 39, 8
62, 39, 8
63, 39, 8
64, 39, 8
65, 39, 8
66, 39, 8
67, 39, 8
7, 39, 9
16, 39, 9
17, 39, 9
18, 39, 9
19, 39, 9
20, 39, 9
21, 39, 9
22, 39, 9
23, 39, 9
24, 39, 9
25, 39, 9
50, 39, 9
51, 39, 9
52, 39, 9
53, 39, 9
54, 39, 9
55, 39, 9
56, 39, 9
57, 39, 9
58, 39, 9
59, 39, 9
68, 39, 9
7, 39, 10
68, 39, 10
7, 39, 11
68, 39, 11
7, 39, 12
68, 39, 12
7, 39, 13
8, 39, 13
67, 39, 13
68, 39, 13
7, 39, 14
68, 39, 14
4, 39, 15
5, 39, 15
6, 39, 15
16, 39, 15
17, 39, 15
18, 39, 15
19, 39, 15
20, 39, 15
21, 39, 15
22, 39, 15
23, 39, 15
24, 39, 15
25, 39, 15
26, 39, 15
27, 39, 15
48, 39, 15
49, 39, 15
50, 39, 15
51, 39, 15
52, 39, 15
53, 39, 15
54, 39, 15
55, 39, 15
56, 39, 15
57, 39, 15
58, 39, 15
59, 39, 15
69, 39, 15
70, 39, 15
71, 39, 15
3, 39, 16
13, 39, 16
14, 39, 16
15, 39, 16
28, 39, 16
47, 39, 16
60, 39, 16
61, 39, 16
62, 39, 16
72, 39, 16
3, 39, 17
11, 39, 17
12, 39, 17
29, 39, 17
46, 39, 17
63, 39, 17
64, 39, 17
72, 39, 17
3, 39, 18
4, 39, 18
5, 39, 18
6, 39, 18
7, 39, 18
8, 39, 18
9, 39, 18
10, 39, 18
29, 39, 18
46, 39, 18
65, 39, 18
66, 39, 18
67, 39, 18
68, 39, 18
69, 39, 18
70, 39, 18
71, 39, 18
72, 39, 18
30, 39, 19
45, 39, 19
31, 39, 20
32, 39, 20
43, 39, 20
44, 39, 20
33, 39, 21
34, 39, 21
35, 39, 21
36, 39, 21
37, 39, 21
38, 39, 21
39, 39, 21
40, 39, 21
41, 39, 21
42, 39, 21
35, 40, 5
36, 40, 5
37, 40, 5
38, 40, 5
39, 40, 5
40, 40, 5
32, 40, 6
33, 40, 6
34, 40, 6
41, 40, 6
42, 40, 6
43, 40, 6
8, 40, 7
9, 40, 7
10, 40, 7
30, 40, 7
31, 40, 7
44, 40, 7
45, 40, 7
65, 40, 7
66, 40, 7
67, 40, 7
1, 40, 8
2, 40, 8
3, 40, 8
4, 40, 8
5, 40, 8
6, 40, 8
7, 40, 8
11, 40, 8
12, 40, 8
13, 40, 8
14, 40, 8
15, 40, 8
21, 40, 8
25, 40, 8
26, 40, 8
27, 40, 8
28, 40, 8
29, 40, 8
46, 40, 8
47, 40, 8
48, 40, 8
49, 40, 8
50, 40, 8
54, 40, 8
60, 40, 8
61, 40, 8
62, 40, 8
63, 40, 8
64, 40, 8
68, 40, 8
69, 40, 8
70, 40, 8
71, 40, 8
72, 40, 8
73, 40, 8
74, 40, 8
1, 40, 9
2, 40, 9
3, 40, 9
4, 40, 9
5, 40, 9
6, 40, 9
16, 40, 9
17, 40, 9
18, 40, 9
19, 40, 9
20, 40, 9
22, 40, 9
23, 40, 9
24, 40, 9
51, 40, 9
52, 40, 9
53, 40, 9
55, 40, 9
56, 40, 9
57, 40, 9
58, 40, 9
59, 40, 9
69, 40, 9
70, 40, 9
71, 40, 9
72, 40, 9
73, 40, 9
74, 40, 9
2, 40, 10
3, 40, 10
4, 40, 10
5, 40, 10
6, 40, 10
69, 40, 10
70, 40, 10
71, 40, 10
72, 40, 10
73, 40, 10
1, 40, 11
2, 40, 11
3, 40, 11
4, 40, 11
5, 40, 11
6, 40, 11
69, 40, 11
70, 40, 11
71, 40, 11
72, 40, 11
73, 40, 11
74, 40, 11
4, 40, 12
5, 40, 12
6, 40, 12
69, 40, 12
70, 40, 12
71, 40, 12
5, 40, 13
6, 40, 13
69, 40, 13
70, 40, 13
1, 40, 14
2, 40, 14
3, 40, 14
4, 40, 14
5, 40, 14
6, 40, 14
69, 40, 14
70, 40, 14
71, 40, 14
72, 40, 14
73, 40, 14
74, 40, 14
1, 40, 15
2, 40, 15
4, 40, 15
16, 40, 15
17, 40, 15
18, 40, 15
19, 40, 15
20, 40, 15
21, 40, 15
22, 40, 15
23, 40, 15
24, 40, 15
25, 40, 15
26, 40, 15
27, 40, 15
28, 40, 15
47, 40, 15
48, 40, 15
49, 40, 15
50, 40, 15
51, 40, 15
52, 40, 15
53, 40, 15
54, 40, 15
55, 40, 15
56, 40, 15
57, 40, 15
58, 40, 15
59, 40, 15
71, 40, 15
73, 40, 15
74, 40, 15
4, 40, 16
5, 40, 16
13, 40, 16
14, 40, 16
15, 40, 16
29, 40, 16
46, 40, 16
60, 40, 16
61, 40, 16
62, 40, 16
70, 40, 16
71, 40, 16
4, 40, 17
5, 40, 17
6, 40, 17
7, 40, 17
11, 40, 17
12, 40, 17
29, 40, 17
46, 40, 17
63, 40, 17
64, 40, 17
68, 40, 17
69, 40, 17
70, 40, 17
71, 40, 17
6, 40, 18
7, 40, 18
8, 40, 18
9, 40, 18
10, 40, 18
30, 40, 18
45, 40, 18
65, 40, 18
66, 40, 18
67, 40, 18
68, 40, 18
69, 40, 18
31, 40, 19
44, 40, 19
32, 40, 20
34, 40, 20
35, 40, 20
36, 40, 20
37, 40, 20
38, 40, 20
39, 40, 20
40, 40, 20
41, 40, 20
43, 40, 20
33, 40, 21
42, 40, 21
32, 41, 6
33, 41, 6
34, 41, 6
35, 41, 6
36, 41, 6
37, 41, 6
38, 41, 6
39, 41, 6
40, 41, 6
41, 41, 6
42, 41, 6
43, 41, 6
2, 41, 7
3, 41, 7
4, 41, 7
5, 41, 7
6, 41, 7
7, 41, 7
8, 41, 7
9, 41, 7
10, 41, 7
11, 41, 7
30, 41, 7
31, 41, 7
44, 41, 7
45, 41, 7
64, 41, 7
65, 41, 7
66, 41, 7
67, 41, 7
68, 41, 7
69, 41, 7
70, 41, 7
71, 41, 7
72, 41, 7
73, 41, 7
1, 41, 8
12, 41, 8
13, 41, 8
14, 41, 8
15, 41, 8
21, 41, 8
22, 41, 8
24, 41, 8
25, 41, 8
26, 41, 8
27, 41, 8
28, 41, 8
29, 41, 8
46, 41, 8
47, 41, 8
48, 41, 8
49, 41, 8
50, 41, 8
51, 41, 8
53, 41, 8
54, 41, 8
60, 41, 8
61, 41, 8
62, 41, 8
63, 41, 8
74, 41, 8
1, 41, 9
16, 41, 9
17, 41, 9
18, 41, 9
19, 41, 9
20, 41, 9
23, 41, 9
52, 41, 9
55, 41, 9
56, 41, 9
57, 41, 9
58, 41, 9
59, 41, 9
74, 41, 9
0, 41, 10
1, 41, 10
74, 41, 10
75, 41, 10
0, 41, 11
75, 41, 11
0, 41, 12
1, 41, 12
2, 41, 12
3, 41, 12
72, 41, 12
73, 41, 12
74, 41, 12
75, 41, 12
0, 41, 13
1, 41, 13
2, 41, 13
3, 41, 13
4, 41, 13
71, 41, 13
72, 41, 13
73, 41, 13
74, 41, 13
75, 41, 13
0, 41, 14
16, 41, 14
17, 41, 14
18, 41, 14
57, 41, 14
58, 41, 14
59, 41, 14
75, 41, 14
0, 41, 15
1, 41, 15
2, 41, 15
3, 41, 15
4, 41, 15
5, 41, 15
15, 41, 15
19, 41, 15
20, 41, 15
21, 41, 15
22, 41, 15
23, 41, 15
24, 41, 15
25, 41, 15
26, 41, 15
27, 41, 15
28, 41, 15
47, 41, 15
48, 41, 15
49, 41, 15
50, 41, 15
51, 41, 15
52, 41, 15
53, 41, 15
54, 41, 15
55, 41, 15
56, 41, 15
60, 41, 15
70, 41, 15
71, 41, 15
72, 41, 15
73, 41, 15
74, 41, 15
75, 41, 15
6, 41, 16
7, 41, 16
12, 41, 16
13, 41, 16
14, 41, 16
15, 41, 16
29, 41, 16
46, 41, 16
60, 41, 16
61, 41, 16
62, 41, 16
63, 41, 16
68, 41, 16
69, 41, 16
8, 41, 17
9, 41, 17
10, 41, 17
11, 41, 17
30, 41, 17
45, 41, 17
64, 41, 17
65, 41, 17
66, 41, 17
67, 41, 17
30, 41, 18
31, 41, 18
44, 41, 18
45, 41, 18
32, 41, 19
35, 41, 19
36, 41, 19
37, 41, 19
38, 41, 19
39, 41, 19
40, 41, 19
43, 41, 19
33, 41, 20
34, 41, 20
41, 41, 20
42, 41, 20
34, 42, 6
35, 42, 6
36, 42, 6
38, 42, 6
39, 42, 6
40, 42, 6
41, 42, 6
2, 42, 7
3, 42, 7
4, 42, 7
5, 42, 7
6, 42, 7
7, 42, 7
8, 42, 7
9, 42, 7
10, 42, 7
32, 42, 7
33, 42, 7
37, 42, 7
39, 42, 7
42, 42, 7
43, 42, 7
65, 42, 7
66, 42, 7
67, 42, 7
68, 42, 7
69, 42, 7
70, 42, 7
71, 42, 7
72, 42, 7
73, 42, 7
1, 42, 8
2, 42, 8
3, 42, 8
4, 42, 8
11, 42, 8
12, 42, 8
13, 42, 8
14, 42, 8
15, 42, 8
27, 42, 8
28, 42, 8
29, 42, 8
30, 42, 8
31, 42, 8
44, 42, 8
45, 42, 8
46, 42, 8
47, 42, 8
48, 42, 8
60, 42, 8
61, 42, 8
62, 42, 8
63, 42, 8
64, 42, 8
71, 42, 8
72, 42, 8
73, 42, 8
74, 42, 8
1, 42, 9
3, 42, 9
16, 42, 9
17, 42, 9
18, 42, 9
19, 42, 9
20, 42, 9
21, 42, 9
22, 42, 9
23, 42, 9
24, 42, 9
25, 42, 9
26, 42, 9
49, 42, 9
50, 42, 9
51, 42, 9
52, 42, 9
53, 42, 9
54, 42, 9
55, 42, 9
56, 42, 9
57, 42, 9
58, 42, 9
59, 42, 9
72, 42, 9
74, 42, 9
0, 42, 10
75, 42, 10
0, 42, 11
75, 42, 11
0, 42, 12
75, 42, 12
0, 42, 13
75, 42, 13
0, 42, 14
16, 42, 14
17, 42, 14
18, 42, 14
19, 42, 14
56, 42, 14
57, 42, 14
58, 42, 14
59, 42, 14
75, 42, 14
0, 42, 15
4, 42, 15
5, 42, 15
12, 42, 15
13, 42, 15
15, 42, 15
20, 42, 15
21, 42, 15
22, 42, 15
23, 42, 15
24, 42, 15
25, 42, 15
26, 42, 15
27, 42, 15
28, 42, 15
29, 42, 15
46, 42, 15
47, 42, 15
48, 42, 15
49, 42, 15
50, 42, 15
51, 42, 15
52, 42, 15
53, 42, 15
54, 42, 15
55, 42, 15
60, 42, 15
62, 42, 15
63, 42, 15
70, 42, 15
71, 42, 15
75, 42, 15
1, 42, 16
2, 42, 16
3, 42, 16
6, 42, 16
7, 42, 16
8, 42, 16
9, 42, 16
10, 42, 16
11, 42, 16
14, 42, 16
15, 42, 16
30, 42, 16
45, 42, 16
60, 42, 16
61, 42, 16
64, 42, 16
65, 42, 16
66, 42, 16
67, 42, 16
68, 42, 16
69, 42, 16
72, 42, 16
73, 42, 16
74, 42, 16
31, 42, 17
44, 42, 17
32, 42, 18
33, 42, 18
35, 42, 18
40, 42, 18
42, 42, 18
43, 42, 18
33, 42, 19
34, 42, 19
36, 42, 19
37, 42, 19
39, 42, 19
41, 42, 19
42, 42, 19
38, 42, 20
8, 43, 7
9, 43, 7
33, 43, 7
34, 43, 7
35, 43, 7
36, 43, 7
37, 43, 7
38, 43, 7
40, 43, 7
41, 43, 7
42, 43, 7
66, 43, 7
67, 43, 7
5, 43, 8
6, 43, 8
7, 43, 8
8, 43, 8
9, 43, 8
10, 43, 8
11, 43, 8
15, 43, 8
31, 43, 8
32, 43, 8
39, 43, 8
43, 43, 8
44, 43, 8
60, 43, 8
64, 43, 8
65, 43, 8
66, 43, 8
67, 43, 8
68, 43, 8
69, 43, 8
70, 43, 8
0, 43, 9
1, 43, 9
2, 43, 9
4, 43, 9
5, 43, 9
6, 43, 9
7, 43, 9
11, 43, 9
12, 43, 9
13, 43, 9
14, 43, 9
15, 43, 9
27, 43, 9
28, 43, 9
29, 43, 9
30, 43, 9
31, 43, 9
44, 43, 9
45, 43, 9
46, 43, 9
47, 43, 9
48, 43, 9
60, 43, 9
61, 43, 9
62, 43, 9
63, 43, 9
64, 43, 9
68, 43, 9
69, 43, 9
70, 43, 9
71, 43, 9
73, 43, 9
74, 43, 9
75, 43, 9
0, 43, 10
1, 43, 10
2, 43, 10
3, 43, 10
4, 43, 10
5, 43, 10
13, 43, 10
16, 43, 10
17, 43, 10
18, 43, 10
19, 43, 10
20, 43, 10
21, 43, 10
22, 43, 10
23, 43, 10
24, 43, 10
25, 43, 10
26, 43, 10
27, 43, 10
28, 43, 10
29, 43, 10
30, 43, 10
45, 43, 10
46, 43, 10
47, 43, 10
48, 43, 10
49, 43, 10
50, 43, 10
51, 43, 10
52, 43, 10
53, 43, 10
54, 43, 10
55, 43, 10
56, 43, 10
57, 43, 10
58, 43, 10
59, 43, 10
62, 43, 10
70, 43, 10
71, 43, 10
72, 43, 10
73, 43, 10
74, 43, 10
75, 43, 10
0, 43, 11
1, 43, 11
2, 43, 11
3, 43, 11
4, 43, 11
5, 43, 11
16, 43, 11
17, 43, 11
18, 43, 11
19, 43, 11
20, 43, 11
21, 43, 11
22, 43, 11
23, 43, 11
24, 43, 11
25, 43, 11
26, 43, 11
27, 43, 11
28, 43, 11
29, 43, 11
30, 43, 11
45, 43, 11
46, 43, 11
47, 43, 11
48, 43, 11
49, 43, 11
50, 43, 11
51, 43, 11
52, 43, 11
53, 43, 11
54, 43, 11
55, 43, 11
56, 43, 11
57, 43, 11
58, 43, 11
59, 43, 11
70, 43, 11
71, 43, 11
72, 43, 11
73, 43, 11
74, 43, 11
75, 43, 11
0, 43, 12
1, 43, 12
2, 43, 12
3, 43, 12
16, 43, 12
17, 43, 12
18, 43, 12
19, 43, 12
20, 43, 12
21, 43, 12
22, 43, 12
23, 43, 12
24, 43, 12
25, 43, 12
26, 43, 12
27, 43, 12
28, 43, 12
29, 43, 12
30, 43, 12
45, 43, 12
46, 43, 12
47, 43, 12
48, 43, 12
49, 43, 12
50, 43, 12
51, 43, 12
52, 43, 12
53, 43, 12
54, 43, 12
55, 43, 12
56, 43, 12
57, 43, 12
58, 43, 12
59, 43, 12
72, 43, 12
73, 43, 12
74, 43, 12
75, 43, 12
0, 43, 13
1, 43, 13
2, 43, 13
3, 43, 13
4, 43, 13
5, 43, 13
16, 43, 13
17, 43, 13
18, 43, 13
19, 43, 13
20, 43, 13
21, 43, 13
22, 43, 13
23, 43, 13
24, 43, 13
25, 43, 13
26, 43, 13
27, 43, 13
28, 43, 13
29, 43, 13
30, 43, 13
45, 43, 13
46, 43, 13
47, 43, 13
48, 43, 13
49, 43, 13
50, 43, 13
51, 43, 13
52, 43, 13
53, 43, 13
54, 43, 13
55, 43, 13
56, 43, 13
57, 43, 13
58, 43, 13
59, 43, 13
70, 43, 13
71, 43, 13
72, 43, 13
73, 43, 13
74, 43, 13
75, 43, 13
0, 43, 14
1, 43, 14
2, 43, 14
3, 43, 14
4, 43, 14
5, 43, 14
15, 43, 14
20, 43, 14
21, 43, 14
22, 43, 14
23, 43, 14
24, 43, 14
25, 43, 14
26, 43, 14
27, 43, 14
28, 43, 14
29, 43, 14
30, 43, 14
45, 43, 14
46, 43, 14
47, 43, 14
48, 43, 14
49, 43, 14
50, 43, 14
51, 43, 14
52, 43, 14
53, 43, 14
54, 43, 14
55, 43, 14
60, 43, 14
70, 43, 14
71, 43, 14
72, 43, 14
73, 43, 14
74, 43, 14
75, 43, 14
0, 43, 15
1, 43, 15
2, 43, 15
3, 43, 15
4, 43, 15
5, 43, 15
6, 43, 15
10, 43, 15
11, 43, 15
12, 43, 15
13, 43, 15
14, 43, 15
15, 43, 15
30, 43, 15
31, 43, 15
44, 43, 15
45, 43, 15
60, 43, 15
61, 43, 15
62, 43, 15
63, 43, 15
64, 43, 15
65, 43, 15
69, 43, 15
70, 43, 15
71, 43, 15
72, 43, 15
73, 43, 15
74, 43, 15
75, 43, 15
1, 43, 16
2, 43, 16
7, 43, 16
8, 43, 16
9, 43, 16
10, 43, 16
31, 43, 16
44, 43, 16
65, 43, 16
66, 43, 16
67, 43, 16
68, 43, 16
73, 43, 16
74, 43, 16
32, 43, 17
33, 43, 17
42, 43, 17
43, 43, 17
34, 43, 18
41, 43, 18
34, 43, 19
35, 43, 19
40, 43, 19
41, 43, 19
35, 43, 20
36, 43, 20
37, 43, 20
39, 43, 20
40, 43, 20
35, 43, 21
36, 43, 21
37, 43, 21
38, 43, 21
39, 43, 21
40, 43, 21
37, 43, 22
38, 43, 22
33, 44, 8
34, 44, 8
35, 44, 8
36, 44, 8
37, 44, 8
38, 44, 8
39, 44, 8
40, 44, 8
41, 44, 8
42, 44, 8
8, 44, 9
9, 44, 9
10, 44, 9
32, 44, 9
33, 44, 9
34, 44, 9
41, 44, 9
42, 44, 9
43, 44, 9
65, 44, 9
66, 44, 9
67, 44, 9
6, 44, 10
7, 44, 10
8, 44, 10
9, 44, 10
10, 44, 10
11, 44, 10
12, 44, 10
14, 44, 10
15, 44, 10
31, 44, 10
32, 44, 10
33, 44, 10
42, 44, 10
43, 44, 10
44, 44, 10
60, 44, 10
61, 44, 10
63, 44, 10
64, 44, 10
65, 44, 10
66, 44, 10
67, 44, 10
68, 44, 10
69, 44, 10
6, 44, 11
7, 44, 11
8, 44, 11
11, 44, 11
12, 44, 11
13, 44, 11
14, 44, 11
15, 44, 11
31, 44, 11
32, 44, 11
43, 44, 11
44, 44, 11
60, 44, 11
61, 44, 11
62, 44, 11
63, 44, 11
64, 44, 11
67, 44, 11
68, 44, 11
69, 44, 11
4, 44, 12
5, 44, 12
6, 44, 12
7, 44, 12
8, 44, 12
9, 44, 12
10, 44, 12
11, 44, 12
12, 44, 12
13, 44, 12
14, 44, 12
15, 44, 12
31, 44, 12
44, 44, 12
60, 44, 12
61, 44, 12
62, 44, 12
63, 44, 12
64, 44, 12
65, 44, 12
66, 44, 12
67, 44, 12
68, 44, 12
69, 44, 12
70, 44, 12
71, 44, 12
6, 44, 13
7, 44, 13
8, 44, 13
9, 44, 13
10, 44, 13
11, 44, 13
12, 44, 13
13, 44, 13
14, 44, 13
15, 44, 13
31, 44, 13
44, 44, 13
60, 44, 13
61, 44, 13
62, 44, 13
63, 44, 13
64, 44, 13
65, 44, 13
66, 44, 13
67, 44, 13
68, 44, 13
69, 44, 13
6, 44, 14
7, 44, 14
8, 44, 14
9, 44, 14
10, 44, 14
11, 44, 14
12, 44, 14
13, 44, 14
14, 44, 14
15, 44, 14
31, 44, 14
44, 44, 14
60, 44, 14
61, 44, 14
62, 44, 14
63, 44, 14
64, 44, 14
65, 44, 14
66, 44, 14
67, 44, 14
68, 44, 14
69, 44, 14
6, 44, 15
7, 44, 15
8, 44, 15
9, 44, 15
32, 44, 15
43, 44, 15
66, 44, 15
67, 44, 15
68, 44, 15
69, 44, 15
32, 44, 16
43, 44, 16
32, 44, 17
43, 44, 17
32, 44, 18
33, 44, 18
42, 44, 18
43, 44, 18
33, 44, 19
42, 44, 19
33, 44, 20
34, 44, 20
41, 44, 20
42, 44, 20
34, 44, 21
41, 44, 21
35, 44, 22
36, 44, 22
37, 44, 22
38, 44, 22
39, 44, 22
40, 44, 22
36, 45, 8
37, 45, 8
38, 45, 8
39, 45, 8
35, 45, 9
40, 45, 9
34, 45, 10
41, 45, 10
9, 45, 11
10, 45, 11
33, 45, 11
42, 45, 11
65, 45, 11
66, 45, 11
32, 45, 12
43, 45, 12
32, 45, 13
43, 45, 13
31, 45, 14
44, 45, 14
31, 45, 15
44, 45, 15
30, 45, 16
31, 45, 16
44, 45, 16
45, 45, 16
31, 45, 17
44, 45, 17
31, 45, 18
44, 45, 18
31, 45, 19
32, 45, 19
43, 45, 19
44, 45, 19
32, 45, 20
43, 45, 20
32, 45, 21
33, 45, 21
42, 45, 21
43, 45, 21
34, 45, 22
35, 45, 22
40, 45, 22
41, 45, 22
36, 45, 23
37, 45, 23
38, 45, 23
39, 45, 23
34, 46, 4
35, 46, 4
36, 46, 4
39, 46, 4
40, 46, 4
41, 46, 4
34, 46, 5
35, 46, 5
36, 46, 5
37, 46, 5
38, 46, 5
39, 46, 5
40, 46, 5
41, 46, 5
34, 46, 6
35, 46, 6
36, 46, 6
37, 46, 6
38, 46, 6
39, 46, 6
40, 46, 6
41, 46, 6
34, 46, 7
35, 46, 7
36, 46, 7
37, 46, 7
38, 46, 7
39, 46, 7
40, 46, 7
41, 46, 7
34, 46, 8
35, 46, 8
40, 46, 8
41, 46, 8
33, 46, 9
34, 46, 9
41, 46, 9
42, 46, 9
33, 46, 10
42, 46, 10
31, 46, 11
32, 46, 11
43, 46, 11
44, 46, 11
31, 46, 12
44, 46, 12
30, 46, 13
31, 46, 13
44, 46, 13
45, 46, 13
30, 46, 14
45, 46, 14
30, 46, 15
45, 46, 15
29, 46, 16
46, 46, 16
30, 46, 17
45, 46, 17
30, 46, 18
45, 46, 18
30, 46, 19
45, 46, 19
31, 46, 20
44, 46, 20
31, 46, 21
32, 46, 21
43, 46, 21
44, 46, 21
33, 46, 22
34, 46, 22
41, 46, 22
42, 46, 22
35, 46, 23
40, 46, 23
36, 46, 24
37, 46, 24
38, 46, 24
39, 46, 24
34, 47, 3
35, 47, 3
40, 47, 3
41, 47, 3
33, 47, 4
36, 47, 4
39, 47, 4
42, 47, 4
33, 47, 5
37, 47, 5
38, 47, 5
42, 47, 5
30, 47, 6
31, 47, 6
32, 47, 6
33, 47, 6
42, 47, 6
43, 47, 6
44, 47, 6
45, 47, 6
29, 47, 7
30, 47, 7
31, 47, 7
32, 47, 7
33, 47, 7
42, 47, 7
43, 47, 7
44, 47, 7
45, 47, 7
46, 47, 7
29, 47, 8
30, 47, 8
31, 47, 8
32, 47, 8
33, 47, 8
42, 47, 8
43, 47, 8
44, 47, 8
45, 47, 8
46, 47, 8
30, 47, 9
31, 47, 9
32, 47, 9
43, 47, 9
44, 47, 9
45, 47, 9
31, 47, 10
32, 47, 10
43, 47, 10
44, 47, 10
30, 47, 11
45, 47, 11
30, 47, 12
45, 47, 12
29, 47, 13
46, 47, 13
29, 47, 14
46, 47, 14
29, 47, 15
46, 47, 15
29, 47, 16
46, 47, 16
29, 47, 17
46, 47, 17
29, 47, 18
46, 47, 18
29, 47, 19
46, 47, 19
30, 47, 20
45, 47, 20
30, 47, 21
31, 47, 21
44, 47, 21
45, 47, 21
32, 47, 22
43, 47, 22
32, 47, 23
33, 47, 23
34, 47, 23
41, 47, 23
42, 47, 23
43, 47, 23
34, 47, 24
35, 47, 24
40, 47, 24
41, 47, 24
35, 47, 25
36, 47, 25
37, 47, 25
38, 47, 25
39, 47, 25
40, 47, 25
36, 47, 26
37, 47, 26
38, 47, 26
39, 47, 26
36, 47, 27
37, 47, 27
38, 47, 27
39, 47, 27
34, 48, 3
35, 48, 3
36, 48, 3
39, 48, 3
40, 48, 3
41, 48, 3
33, 48, 4
37, 48, 4
38, 48, 4
42, 48, 4
33, 48, 5
42, 48, 5
29, 48, 6
30, 48, 6
31, 48, 6
32, 48, 6
43, 48, 6
44, 48, 6
45, 48, 6
46, 48, 6
29, 48, 7
46, 48, 7
29, 48, 8
46, 48, 8
30, 48, 9
45, 48, 9
30, 48, 10
45, 48, 10
30, 48, 11
45, 48, 11
29, 48, 12
46, 48, 12
29, 48, 13
46, 48, 13
29, 48, 14
46, 48, 14
28, 48, 15
47, 48, 15
28, 48, 16
47, 48, 16
28, 48, 17
47, 48, 17
29, 48, 18
46, 48, 18
29, 48, 19
46, 48, 19
29, 48, 20
46, 48, 20
30, 48, 21
45, 48, 21
31, 48, 22
44, 48, 22
32, 48, 23
43, 48, 23
32, 48, 24
33, 48, 24
42, 48, 24
43, 48, 24
34, 48, 25
41, 48, 25
35, 48, 26
40, 48, 26
35, 48, 27
40, 48, 27
35, 48, 28
36, 48, 28
37, 48, 28
38, 48, 28
39, 48, 28
40, 48, 28
35, 48, 29
36, 48, 29
37, 48, 29
38, 48, 29
39, 48, 29
40, 48, 29
34, 49, 4
35, 49, 4
36, 49, 4
37, 49, 4
38, 49, 4
39, 49, 4
40, 49, 4
41, 49, 4
33, 49, 5
42, 49, 5
29, 49, 6
30, 49, 6
31, 49, 6
32, 49, 6
43, 49, 6
44, 49, 6
45, 49, 6
46, 49, 6
29, 49, 7
46, 49, 7
29, 49, 8
46, 49, 8
30, 49, 9
45, 49, 9
26, 49, 10
27, 49, 10
30, 49, 10
45, 49, 10
48, 49, 10
49, 49, 10
26, 49, 11
27, 49, 11
28, 49, 11
29, 49, 11
46, 49, 11
47, 49, 11
48, 49, 11
49, 49, 11
27, 49, 12
28, 49, 12
47, 49, 12
48, 49, 12
28, 49, 13
47, 49, 13
28, 49, 14
47, 49, 14
28, 49, 15
47, 49, 15
28, 49, 16
47, 49, 16
28, 49, 17
47, 49, 17
28, 49, 18
47, 49, 18
29, 49, 19
46, 49, 19
29, 49, 20
46, 49, 20
30, 49, 21
45, 49, 21
30, 49, 22
45, 49, 22
31, 49, 23
44, 49, 23
32, 49, 24
33, 49, 24
42, 49, 24
43, 49, 24
34, 49, 25
41, 49, 25
34, 49, 26
41, 49, 26
34, 49, 27
41, 49, 27
34, 49, 28
41, 49, 28
34, 49, 29
35, 49, 29
40, 49, 29
41, 49, 29
36, 49, 30
37, 49, 30
38, 49, 30
39, 49, 30
35, 50, 4
36, 50, 4
37, 50, 4
38, 50, 4
39, 50, 4
40, 50, 4
33, 50, 5
34, 50, 5
41, 50, 5
42, 50, 5
31, 50, 6
32, 50, 6
43, 50, 6
44, 50, 6
30, 50, 7
45, 50, 7
29, 50, 8
46, 50, 8
26, 50, 9
27, 50, 9
29, 50, 9
46, 50, 9
48, 50, 9
49, 50, 9
25, 50, 10
28, 50, 10
29, 50, 10
46, 50, 10
47, 50, 10
50, 50, 10
26, 50, 11
49, 50, 11
26, 50, 12
49, 50, 12
27, 50, 13
48, 50, 13
28, 50, 14
47, 50, 14
28, 50, 15
47, 50, 15
28, 50, 16
47, 50, 16
28, 50, 17
47, 50, 17
28, 50, 18
47, 50, 18
29, 50, 19
46, 50, 19
29, 50, 20
46, 50, 20
30, 50, 21
45, 50, 21
30, 50, 22
45, 50, 22
31, 50, 23
44, 50, 23
32, 50, 24
33, 50, 24
42, 50, 24
43, 50, 24
34, 50, 25
41, 50, 25
34, 50, 26
41, 50, 26
34, 50, 27
41, 50, 27
34, 50, 28
41, 50, 28
34, 50, 29
41, 50, 29
35, 50, 30
36, 50, 30
37, 50, 30
38, 50, 30
39, 50, 30
40, 50, 30
37, 51, 3
38, 51, 3
34, 51, 4
35, 51, 4
36, 51, 4
39, 51, 4
40, 51, 4
41, 51, 4
32, 51, 5
33, 51, 5
42, 51, 5
43, 51, 5
31, 51, 6
44, 51, 6
30, 51, 7
45, 51, 7
29, 51, 8
46, 51, 8
25, 51, 9
26, 51, 9
27, 51, 9
28, 51, 9
47, 51, 9
48, 51, 9
49, 51, 9
50, 51, 9
25, 51, 10
50, 51, 10
25, 51, 11
26, 51, 11
49, 51, 11
50, 51, 11
27, 51, 12
48, 51, 12
28, 51, 13
47, 51, 13
28, 51, 14
47, 51, 14
27, 51, 15
48, 51, 15
27, 51, 16
48, 51, 16
28, 51, 17
47, 51, 17
28, 51, 18
47, 51, 18
29, 51, 19
46, 51, 19
29, 51, 20
46, 51, 20
30, 51, 21
45, 51, 21
30, 51, 22
45, 51, 22
31, 51, 23
32, 51, 23
33, 51, 23
34, 51, 23
41, 51, 23
42, 51, 23
43, 51, 23
44, 51, 23
33, 51, 24
42, 51, 24
34, 51, 25
41, 51, 25
34, 51, 26
41, 51, 26
34, 51, 27
41, 51, 27
34, 51, 28
41, 51, 28
34, 51, 29
41, 51, 29
35, 51, 30
36, 51, 30
37, 51, 30
38, 51, 30
39, 51, 30
40, 51, 30
37, 52, 3
38, 52, 3
33, 52, 4
34, 52, 4
35, 52, 4
36, 52, 4
39, 52, 4
40, 52, 4
41, 52, 4
42, 52, 4
31, 52, 5
32, 52, 5
43, 52, 5
44, 52, 5
30, 52, 6
45, 52, 6
29, 52, 7
46, 52, 7
26, 52, 8
29, 52, 8
46, 52, 8
49, 52, 8
24, 52, 9
25, 52, 9
27, 52, 9
28, 52, 9
47, 52, 9
48, 52, 9
50, 52, 9
51, 52, 9
25, 52, 10
50, 52, 10
25, 52, 11
26, 52, 11
49, 52, 11
50, 52, 11
27, 52, 12
48, 52, 12
28, 52, 13
47, 52, 13
28, 52, 14
47, 52, 14
27, 52, 15
48, 52, 15
27, 52, 16
48, 52, 16
27, 52, 17
28, 52, 17
47, 52, 17
48, 52, 17
29, 52, 18
46, 52, 18
29, 52, 19
46, 52, 19
29, 52, 20
46, 52, 20
30, 52, 21
45, 52, 21
30, 52, 22
31, 52, 22
32, 52, 22
33, 52, 22
34, 52, 22
41, 52, 22
42, 52, 22
43, 52, 22
44, 52, 22
45, 52, 22
35, 52, 23
40, 52, 23
34, 52, 24
41, 52, 24
34, 52, 25
41, 52, 25
34, 52, 26
41, 52, 26
34, 52, 27
41, 52, 27
34, 52, 28
41, 52, 28
34, 52, 29
41, 52, 29
35, 52, 30
36, 52, 30
37, 52, 30
38, 52, 30
39, 52, 30
40, 52, 30
36, 53, 3
37, 53, 3
38, 53, 3
39, 53, 3
33, 53, 4
34, 53, 4
35, 53, 4
40, 53, 4
41, 53, 4
42, 53, 4
31, 53, 5
32, 53, 5
43, 53, 5
44, 53, 5
30, 53, 6
45, 53, 6
29, 53, 7
46, 53, 7
25, 53, 8
26, 53, 8
29, 53, 8
46, 53, 8
49, 53, 8
50, 53, 8
24, 53, 9
27, 53, 9
28, 53, 9
47, 53, 9
48, 53, 9
51, 53, 9
24, 53, 10
51, 53, 10
25, 53, 11
26, 53, 11
49, 53, 11
50, 53, 11
27, 53, 12
48, 53, 12
27, 53, 13
48, 53, 13
28, 53, 14
47, 53, 14
27, 53, 15
48, 53, 15
27, 53, 16
48, 53, 16
28, 53, 17
47, 53, 17
28, 53, 18
47, 53, 18
29, 53, 19
46, 53, 19
30, 53, 20
45, 53, 20
30, 53, 21
31, 53, 21
32, 53, 21
43, 53, 21
44, 53, 21
45, 53, 21
33, 53, 22
34, 53, 22
41, 53, 22
42, 53, 22
35, 53, 23
40, 53, 23
35, 53, 24
36, 53, 24
37, 53, 24
38, 53, 24
39, 53, 24
40, 53, 24
35, 53, 25
40, 53, 25
34, 53, 26
35, 53, 26
40, 53, 26
41, 53, 26
34, 53, 27
35, 53, 27
40, 53, 27
41, 53, 27
34, 53, 28
35, 53, 28
40, 53, 28
41, 53, 28
35, 53, 29
36, 53, 29
37, 53, 29
38, 53, 29
39, 53, 29
40, 53, 29
37, 53, 30
38, 53, 30
35, 54, 2
36, 54, 2
37, 54, 2
38, 54, 2
39, 54, 2
40, 54, 2
32, 54, 3
33, 54, 3
34, 54, 3
35, 54, 3
40, 54, 3
41, 54, 3
42, 54, 3
43, 54, 3
31, 54, 4
32, 54, 4
43, 54, 4
44, 54, 4
30, 54, 5
45, 54, 5
30, 54, 6
45, 54, 6
29, 54, 7
46, 54, 7
25, 54, 8
26, 54, 8
29, 54, 8
46, 54, 8
49, 54, 8
50, 54, 8
24, 54, 9
27, 54, 9
28, 54, 9
47, 54, 9
48, 54, 9
51, 54, 9
24, 54, 10
51, 54, 10
24, 54, 11
25, 54, 11
50, 54, 11
51, 54, 11
26, 54, 12
49, 54, 12
27, 54, 13
48, 54, 13
28, 54, 14
47, 54, 14
27, 54, 15
48, 54, 15
28, 54, 16
47, 54, 16
28, 54, 17
47, 54, 17
28, 54, 18
29, 54, 18
46, 54, 18
47, 54, 18
30, 54, 19
45, 54, 19
30, 54, 20
45, 54, 20
31, 54, 21
32, 54, 21
43, 54, 21
44, 54, 21
33, 54, 22
34, 54, 22
35, 54, 22
40, 54, 22
41, 54, 22
42, 54, 22
36, 54, 23
37, 54, 23
38, 54, 23
39, 54, 23
36, 54, 25
37, 54, 25
38, 54, 25
39, 54, 25
36, 54, 26
37, 54, 26
38, 54, 26
39, 54, 26
36, 54, 27
37, 54, 27
38, 54, 27
39, 54, 27
36, 54, 28
37, 54, 28
38, 54, 28
39, 54, 28
35, 55, 1
36, 55, 1
37, 55, 1
38, 55, 1
39, 55, 1
40, 55, 1
32, 55, 2
33, 55, 2
34, 55, 2
41, 55, 2
42, 55, 2
43, 55, 2
31, 55, 3
44, 55, 3
30, 55, 4
45, 55, 4
29, 55, 5
46, 55, 5
29, 55, 6
46, 55, 6
28, 55, 7
47, 55, 7
28, 55, 8
47, 55, 8
24, 55, 9
25, 55, 9
26, 55, 9
27, 55, 9
48, 55, 9
49, 55, 9
50, 55, 9
51, 55, 9
24, 55, 10
51, 55, 10
24, 55, 11
51, 55, 11
25, 55, 12
50, 55, 12
26, 55, 13
27, 55, 13
48, 55, 13
49, 55, 13
28, 55, 14
47, 55, 14
28, 55, 15
47, 55, 15
28, 55, 16
47, 55, 16
28, 55, 17
47, 55, 17
28, 55, 18
29, 55, 18
46, 55, 18
47, 55, 18
30, 55, 19
45, 55, 19
30, 55, 20
45, 55, 20
31, 55, 21
32, 55, 21
43, 55, 21
44, 55, 21
33, 55, 22
34, 55, 22
35, 55, 22
40, 55, 22
41, 55, 22
42, 55, 22
36, 55, 23
37, 55, 23
38, 55, 23
39, 55, 23
33, 56, 1
34, 56, 1
35, 56, 1
36, 56, 1
37, 56, 1
38, 56, 1
39, 56, 1
40, 56, 1
41, 56, 1
42, 56, 1
31, 56, 2
32, 56, 2
43, 56, 2
44, 56, 2
30, 56, 3
45, 56, 3
29, 56, 4
46, 56, 4
28, 56, 5
47, 56, 5
28, 56, 6
47, 56, 6
27, 56, 7
48, 56, 7
27, 56, 8
48, 56, 8
25, 56, 9
26, 56, 9
49, 56, 9
50, 56, 9
24, 56, 10
25, 56, 10
50, 56, 10
51, 56, 10
24, 56, 11
51, 56, 11
25, 56, 12
50, 56, 12
26, 56, 13
49, 56, 13
27, 56, 14
48, 56, 14
28, 56, 15
47, 56, 15
28, 56, 16
47, 56, 16
28, 56, 17
47, 56, 17
29, 56, 18
46, 56, 18
30, 56, 19
45, 56, 19
30, 56, 20
45, 56, 20
31, 56, 21
32, 56, 21
43, 56, 21
44, 56, 21
33, 56, 22
34, 56, 22
41, 56, 22
42, 56, 22
35, 56, 23
36, 56, 23
37, 56, 23
38, 56, 23
39, 56, 23
40, 56, 23
35, 57, 0
36, 57, 0
37, 57, 0
38, 57, 0
39, 57, 0
40, 57, 0
32, 57, 1
33, 57, 1
34, 57, 1
41, 57, 1
42, 57, 1
43, 57, 1
31, 57, 2
44, 57, 2
29, 57, 3
30, 57, 3
45, 57, 3
46, 57, 3
29, 57, 4
46, 57, 4
28, 57, 5
47, 57, 5
27, 57, 6
48, 57, 6
27, 57, 7
48, 57, 7
26, 57, 8
49, 57, 8
26, 57, 9
49, 57, 9
26, 57, 10
49, 57, 10
25, 57, 11
50, 57, 11
25, 57, 12
50, 57, 12
26, 57, 13
49, 57, 13
27, 57, 14
48, 57, 14
27, 57, 15
48, 57, 15
28, 57, 16
47, 57, 16
28, 57, 17
47, 57, 17
29, 57, 18
46, 57, 18
30, 57, 19
45, 57, 19
30, 57, 20
45, 57, 20
31, 57, 21
44, 57, 21
32, 57, 22
33, 57, 22
42, 57, 22
43, 57, 22
34, 57, 23
35, 57, 23
36, 57, 23
37, 57, 23
38, 57, 23
39, 57, 23
40, 57, 23
41, 57, 23
34, 58, 0
35, 58, 0
36, 58, 0
37, 58, 0
38, 58, 0
39, 58, 0
40, 58, 0
41, 58, 0
32, 58, 1
33, 58, 1
42, 58, 1
43, 58, 1
31, 58, 2
44, 58, 2
29, 58, 3
30, 58, 3
45, 58, 3
46, 58, 3
29, 58, 4
46, 58, 4
28, 58, 5
47, 58, 5
27, 58, 6
48, 58, 6
27, 58, 7
48, 58, 7
26, 58, 8
49, 58, 8
26, 58, 9
49, 58, 9
25, 58, 10
50, 58, 10
26, 58, 11
49, 58, 11
26, 58, 12
49, 58, 12
26, 58, 13
49, 58, 13
26, 58, 14
49, 58, 14
26, 58, 15
49, 58, 15
27, 58, 16
48, 58, 16
27, 58, 17
48, 58, 17
28, 58, 18
47, 58, 18
28, 58, 19
29, 58, 19
46, 58, 19
47, 58, 19
28, 58, 20
29, 58, 20
30, 58, 20
45, 58, 20
46, 58, 20
47, 58, 20
28, 58, 21
29, 58, 21
31, 58, 21
44, 58, 21
46, 58, 21
47, 58, 21
28, 58, 22
29, 58, 22
31, 58, 22
32, 58, 22
43, 58, 22
44, 58, 22
46, 58, 22
47, 58, 22
28, 58, 23
29, 58, 23
33, 58, 23
34, 58, 23
35, 58, 23
36, 58, 23
37, 58, 23
38, 58, 23
39, 58, 23
40, 58, 23
41, 58, 23
42, 58, 23
46, 58, 23
47, 58, 23
28, 58, 24
29, 58, 24
46, 58, 24
47, 58, 24
34, 59, 0
35, 59, 0
36, 59, 0
37, 59, 0
38, 59, 0
39, 59, 0
40, 59, 0
41, 59, 0
32, 59, 1
33, 59, 1
42, 59, 1
43, 59, 1
31, 59, 2
44, 59, 2
29, 59, 3
30, 59, 3
45, 59, 3
46, 59, 3
29, 59, 4
46, 59, 4
28, 59, 5
47, 59, 5
27, 59, 6
48, 59, 6
27, 59, 7
48, 59, 7
26, 59, 8
49, 59, 8
26, 59, 9
49, 59, 9
25, 59, 10
50, 59, 10
25, 59, 11
50, 59, 11
25, 59, 12
50, 59, 12
25, 59, 13
50, 59, 13
25, 59, 14
50, 59, 14
26, 59, 15
49, 59, 15
26, 59, 16
49, 59, 16
26, 59, 17
49, 59, 17
27, 59, 18
48, 59, 18
28, 59, 19
47, 59, 19
28, 59, 20
47, 59, 20
28, 59, 21
30, 59, 21
45, 59, 21
47, 59, 21
28, 59, 22
30, 59, 22
32, 59, 22
43, 59, 22
45, 59, 22
47, 59, 22
28, 59, 23
30, 59, 23
31, 59, 23
33, 59, 23
34, 59, 23
35, 59, 23
36, 59, 23
37, 59, 23
38, 59, 23
39, 59, 23
40, 59, 23
41, 59, 23
42, 59, 23
44, 59, 23
45, 59, 23
47, 59, 23
28, 59, 24
30, 59, 24
31, 59, 24
44, 59, 24
45, 59, 24
47, 59, 24
29, 59, 25
30, 59, 25
31, 59, 25
44, 59, 25
45, 59, 25
46, 59, 25
29, 59, 26
30, 59, 26
31, 59, 26
44, 59, 26
45, 59, 26
46, 59, 26
30, 59, 27
31, 59, 27
44, 59, 27
45, 59, 27
35, 60, 0
36, 60, 0
37, 60, 0
38, 60, 0
39, 60, 0
40, 60, 0
32, 60, 1
33, 60, 1
34, 60, 1
41, 60, 1
42, 60, 1
43, 60, 1
31, 60, 2
44, 60, 2
30, 60, 3
45, 60, 3
29, 60, 4
46, 60, 4
28, 60, 5
47, 60, 5
27, 60, 6
48, 60, 6
27, 60, 7
48, 60, 7
26, 60, 8
49, 60, 8
26, 60, 9
49, 60, 9
26, 60, 10
49, 60, 10
25, 60, 11
50, 60, 11
25, 60, 12
50, 60, 12
25, 60, 13
50, 60, 13
25, 60, 14
50, 60, 14
26, 60, 15
49, 60, 15
26, 60, 16
49, 60, 16
26, 60, 17
49, 60, 17
27, 60, 18
48, 60, 18
27, 60, 19
48, 60, 19
28, 60, 20
47, 60, 20
29, 60, 21
46, 60, 21
29, 60, 22
46, 60, 22
29, 60, 23
32, 60, 23
43, 60, 23
46, 60, 23
29, 60, 24
32, 60, 24
33, 60, 24
34, 60, 24
35, 60, 24
36, 60, 24
37, 60, 24
38, 60, 24
39, 60, 24
40, 60, 24
41, 60, 24
42, 60, 24
43, 60, 24
46, 60, 24
29, 60, 25
32, 60, 25
33, 60, 25
34, 60, 25
35, 60, 25
36, 60, 25
37, 60, 25
38, 60, 25
39, 60, 25
40, 60, 25
41, 60, 25
42, 60, 25
43, 60, 25
46, 60, 25
29, 60, 26
30, 60, 26
32, 60, 26
33, 60, 26
34, 60, 26
35, 60, 26
36, 60, 26
37, 60, 26
38, 60, 26
39, 60, 26
40, 60, 26
41, 60, 26
42, 60, 26
43, 60, 26
45, 60, 26
46, 60, 26
30, 60, 27
32, 60, 27
33, 60, 27
34, 60, 27
35, 60, 27
36, 60, 27
37, 60, 27
38, 60, 27
39, 60, 27
40, 60, 27
41, 60, 27
42, 60, 27
43, 60, 27
45, 60, 27
31, 60, 28
32, 60, 28
33, 60, 28
34, 60, 28
35, 60, 28
36, 60, 28
37, 60, 28
38, 60, 28
39, 60, 28
40, 60, 28
41, 60, 28
42, 60, 28
43, 60, 28
44, 60, 28
32, 60, 29
33, 60, 29
34, 60, 29
35, 60, 29
36, 60, 29
37, 60, 29
38, 60, 29
39, 60, 29
40, 60, 29
41, 60, 29
42, 60, 29
43, 60, 29
35, 60, 30
36, 60, 30
37, 60, 30
38, 60, 30
39, 60, 30
40, 60, 30
36, 61, 0
37, 61, 0
38, 61, 0
39, 61, 0
33, 61, 1
34, 61, 1
35, 61, 1
40, 61, 1
41, 61, 1
42, 61, 1
32, 61, 2
33, 61, 2
42, 61, 2
43, 61, 2
31, 61, 3
32, 61, 3
43, 61, 3
44, 61, 3
30, 61, 4
31, 61, 4
44, 61, 4
45, 61, 4
29, 61, 5
46, 61, 5
28, 61, 6
47, 61, 6
27, 61, 7
48, 61, 7
26, 61, 8
49, 61, 8
26, 61, 9
49, 61, 9
26, 61, 10
49, 61, 10
26, 61, 11
49, 61, 11
25, 61, 12
50, 61, 12
25, 61, 13
50, 61, 13
25, 61, 14
50, 61, 14
26, 61, 15
49, 61, 15
26, 61, 16
49, 61, 16
26, 61, 17
49, 61, 17
26, 61, 18
49, 61, 18
27, 61, 19
48, 61, 19
28, 61, 20
47, 61, 20
29, 61, 21
46, 61, 21
30, 61, 22
45, 61, 22
30, 61, 23
45, 61, 23
30, 61, 24
31, 61, 24
44, 61, 24
45, 61, 24
30, 61, 25
31, 61, 25
44, 61, 25
45, 61, 25
31, 61, 26
32, 61, 26
43, 61, 26
44, 61, 26
31, 61, 27
32, 61, 27
43, 61, 27
44, 61, 27
32, 61, 28
33, 61, 28
42, 61, 28
43, 61, 28
32, 61, 29
33, 61, 29
34, 61, 29
35, 61, 29
36, 61, 29
39, 61, 29
40, 61, 29
41, 61, 29
42, 61, 29
43, 61, 29
35, 61, 30
36, 61, 30
37, 61, 30
38, 61, 30
39, 61, 30
40, 61, 30
35, 62, 1
36, 62, 1
37, 62, 1
38, 62, 1
39, 62, 1
40, 62, 1
34, 62, 2
35, 62, 2
36, 62, 2
37, 62, 2
38, 62, 2
39, 62, 2
40, 62, 2
41, 62, 2
33, 62, 3
34, 62, 3
35, 62, 3
36, 62, 3
37, 62, 3
38, 62, 3
39, 62, 3
40, 62, 3
41, 62, 3
42, 62, 3
32, 62, 4
33, 62, 4
34, 62, 4
35, 62, 4
40, 62, 4
41, 62, 4
42, 62, 4
43, 62, 4
30, 62, 5
31, 62, 5
32, 62, 5
43, 62, 5
44, 62, 5
45, 62, 5
29, 62, 6
46, 62, 6
28, 62, 7
47, 62, 7
27, 62, 8
48, 62, 8
27, 62, 9
49, 62, 9
26, 62, 10
49, 62, 10
26, 62, 11
49, 62, 11
26, 62, 12
49, 62, 12
26, 62, 13
49, 62, 13
26, 62, 14
49, 62, 14
26, 62, 15
49, 62, 15
26, 62, 16
49, 62, 16
26, 62, 17
49, 62, 17
26, 62, 18
49, 62, 18
27, 62, 19
48, 62, 19
28, 62, 20
47, 62, 20
28, 62, 21
29, 62, 21
46, 62, 21
47, 62, 21
30, 62, 22
45, 62, 22
31, 62, 23
44, 62, 23
32, 62, 24
43, 62, 24
32, 62, 25
33, 62, 25
42, 62, 25
43, 62, 25
33, 62, 26
34, 62, 26
35, 62, 26
36, 62, 26
39, 62, 26
40, 62, 26
41, 62, 26
42, 62, 26
33, 62, 27
34, 62, 27
35, 62, 27
36, 62, 27
37, 62, 27
38, 62, 27
39, 62, 27
40, 62, 27
41, 62, 27
42, 62, 27
34, 62, 28
35, 62, 28
36, 62, 28
37, 62, 28
38, 62, 28
39, 62, 28
40, 62, 28
41, 62, 28
37, 62, 29
38, 62, 29
36, 63, 4
37, 63, 4
38, 63, 4
39, 63, 4
33, 63, 5
34, 63, 5
35, 63, 5
36, 63, 5
39, 63, 5
40, 63, 5
41, 63, 5
42, 63, 5
30, 63, 6
31, 63, 6
32, 63, 6
43, 63, 6
44, 63, 6
45, 63, 6
29, 63, 7
46, 63, 7
28, 63, 8
47, 63, 8
27, 63, 9
48, 63, 9
27, 63, 10
48, 63, 10
26, 63, 11
49, 63, 11
26, 63, 12
49, 63, 12
26, 63, 13
49, 63, 13
26, 63, 14
49, 63, 14
26, 63, 15
49, 63, 15
26, 63, 16
49, 63, 16
26, 63, 17
49, 63, 17
27, 63, 18
48, 63, 18
27, 63, 19
48, 63, 19
28, 63, 20
47, 63, 20
28, 63, 21
47, 63, 21
29, 63, 22
30, 63, 22
45, 63, 22
46, 63, 22
31, 63, 23
32, 63, 23
43, 63, 23
44, 63, 23
33, 63, 24
42, 63, 24
34, 63, 25
35, 63, 25
36, 63, 25
37, 63, 25
39, 63, 25
40, 63, 25
41, 63, 25
37, 63, 26
38, 63, 26
37, 64, 5
38, 64, 5
32, 64, 6
33, 64, 6
34, 64, 6
35, 64, 6
36, 64, 6
37, 64, 6
38, 64, 6
39, 64, 6
40, 64, 6
41, 64, 6
42, 64, 6
43, 64, 6
30, 64, 7
31, 64, 7
44, 64, 7
45, 64, 7
29, 64, 8
46, 64, 8
28, 64, 9
47, 64, 9
27, 64, 10
48, 64, 10
27, 64, 11
48, 64, 11
27, 64, 12
48, 64, 12
26, 64, 13
49, 64, 13
26, 64, 14
49, 64, 14
26, 64, 15
49, 64, 15
26, 64, 16
49, 64, 16
27, 64, 17
48, 64, 17
27, 64, 18
48, 64, 18
27, 64, 19
48, 64, 19
28, 64, 20
47, 64, 20
29, 64, 21
46, 64, 21
30, 64, 22
45, 64, 22
31, 64, 23
32, 64, 23
43, 64, 23
44, 64, 23
33, 64, 24
34, 64, 24
35, 64, 24
36, 64, 24
37, 64, 24
39, 64, 24
40, 64, 24
41, 64, 24
42, 64, 24
38, 64, 25
32, 65, 7
33, 65, 7
34, 65, 7
35, 65, 7
36, 65, 7
37, 65, 7
38, 65, 7
39, 65, 7
40, 65, 7
41, 65, 7
42, 65, 7
43, 65, 7
30, 65, 8
31, 65, 8
32, 65, 8
43, 65, 8
44, 65, 8
45, 65, 8
29, 65, 9
30, 65, 9
45, 65, 9
46, 65, 9
28, 65, 10
29, 65, 10
46, 65, 10
47, 65, 10
28, 65, 11
47, 65, 11
27, 65, 12
48, 65, 12
27, 65, 13
48, 65, 13
27, 65, 14
48, 65, 14
27, 65, 15
48, 65, 15
27, 65, 16
48, 65, 16
27, 65, 17
48, 65, 17
27, 65, 18
48, 65, 18
28, 65, 19
47, 65, 19
28, 65, 20
47, 65, 20
29, 65, 21
46, 65, 21
30, 65, 22
45, 65, 22
31, 65, 23
32, 65, 23
43, 65, 23
44, 65, 23
33, 65, 24
34, 65, 24
35, 65, 24
36, 65, 24
39, 65, 24
40, 65, 24
41, 65, 24
42, 65, 24
37, 65, 25
38, 65, 25
33, 66, 8
34, 66, 8
35, 66, 8
36, 66, 8
37, 66, 8
38, 66, 8
39, 66, 8
40, 66, 8
41, 66, 8
42, 66, 8
31, 66, 9
32, 66, 9
33, 66, 9
42, 66, 9
43, 66, 9
44, 66, 9
30, 66, 10
31, 66, 10
44, 66, 10
45, 66, 10
29, 66, 11
46, 66, 11
28, 66, 12
47, 66, 12
28, 66, 13
47, 66, 13
28, 66, 14
47, 66, 14
27, 66, 15
48, 66, 15
28, 66, 16
47, 66, 16
28, 66, 17
47, 66, 17
28, 66, 18
47, 66, 18
28, 66, 19
47, 66, 19
29, 66, 20
46, 66, 20
29, 66, 21
46, 66, 21
30, 66, 22
45, 66, 22
31, 66, 23
32, 66, 23
43, 66, 23
44, 66, 23
33, 66, 24
34, 66, 24
35, 66, 24
36, 66, 24
39, 66, 24
40, 66, 24
41, 66, 24
42, 66, 24
37, 66, 25
38, 66, 25
34, 67, 9
35, 67, 9
36, 67, 9
37, 67, 9
38, 67, 9
39, 67, 9
40, 67, 9
41, 67, 9
32, 67, 10
33, 67, 10
34, 67, 10
35, 67, 10
36, 67, 10
37, 67, 10
38, 67, 10
39, 67, 10
40, 67, 10
41, 67, 10
42, 67, 10
43, 67, 10
30, 67, 11
31, 67, 11
32, 67, 11
43, 67, 11
44, 67, 11
45, 67, 11
29, 67, 12
30, 67, 12
45, 67, 12
46, 67, 12
29, 67, 13
46, 67, 13
29, 67, 14
46, 67, 14
28, 67, 15
47, 67, 15
28, 67, 16
47, 67, 16
28, 67, 17
47, 67, 17
29, 67, 18
46, 67, 18
29, 67, 19
46, 67, 19
29, 67, 20
46, 67, 20
30, 67, 21
45, 67, 21
30, 67, 22
45, 67, 22
31, 67, 23
32, 67, 23
43, 67, 23
44, 67, 23
33, 67, 24
34, 67, 24
35, 67, 24
36, 67, 24
39, 67, 24
40, 67, 24
41, 67, 24
42, 67, 24
37, 67, 25
38, 67, 25
33, 68, 11
34, 68, 11
35, 68, 11
36, 68, 11
37, 68, 11
38, 68, 11
39, 68, 11
40, 68, 11
41, 68, 11
42, 68, 11
31, 68, 12
32, 68, 12
33, 68, 12
34, 68, 12
41, 68, 12
42, 68, 12
43, 68, 12
44, 68, 12
30, 68, 13
31, 68, 13
44, 68, 13
45, 68, 13
30, 68, 14
45, 68, 14
29, 68, 15
30, 68, 15
45, 68, 15
46, 68, 15
29, 68, 16
46, 68, 16
29, 68, 17
46, 68, 17
29, 68, 18
46, 68, 18
30, 68, 19
45, 68, 19
30, 68, 20
45, 68, 20
30, 68, 21
45, 68, 21
31, 68, 22
44, 68, 22
32, 68, 23
43, 68, 23
33, 68, 24
34, 68, 24
35, 68, 24
36, 68, 24
37, 68, 24
38, 68, 24
39, 68, 24
40, 68, 24
41, 68, 24
42, 68, 24
35, 69, 12
36, 69, 12
37, 69, 12
38, 69, 12
39, 69, 12
40, 69, 12
32, 69, 13
33, 69, 13
34, 69, 13
35, 69, 13
36, 69, 13
37, 69, 13
38, 69, 13
39, 69, 13
40, 69, 13
41, 69, 13
42, 69, 13
43, 69, 13
31, 69, 14
32, 69, 14
33, 69, 14
42, 69, 14
43, 69, 14
44, 69, 14
31, 69, 15
32, 69, 15
43, 69, 15
44, 69, 15
30, 69, 16
31, 69, 16
44, 69, 16
45, 69, 16
30, 69, 17
31, 69, 17
44, 69, 17
45, 69, 17
30, 69, 18
31, 69, 18
44, 69, 18
45, 69, 18
31, 69, 19
44, 69, 19
31, 69, 20
44, 69, 20
31, 69, 21
32, 69, 21
43, 69, 21
44, 69, 21
32, 69, 22
43, 69, 22
33, 69, 23
34, 69, 23
41, 69, 23
42, 69, 23
35, 69, 24
36, 69, 24
37, 69, 24
38, 69, 24
39, 69, 24
40, 69, 24
34, 70, 14
35, 70, 14
36, 70, 14
37, 70, 14
38, 70, 14
39, 70, 14
40, 70, 14
41, 70, 14
33, 70, 15
34, 70, 15
35, 70, 15
36, 70, 15
37, 70, 15
38, 70, 15
39, 70, 15
40, 70, 15
41, 70, 15
42, 70, 15
32, 70, 16
33, 70, 16
34, 70, 16
41, 70, 16
42, 70, 16
43, 70, 16
32, 70, 17
33, 70, 17
42, 70, 17
43, 70, 17
32, 70, 18
33, 70, 18
42, 70, 18
43, 70, 18
32, 70, 19
33, 70, 19
42, 70, 19
43, 70, 19
32, 70, 20
33, 70, 20
42, 70, 20
43, 70, 20
33, 70, 21
42, 70, 21
33, 70, 22
34, 70, 22
41, 70, 22
42, 70, 22
34, 70, 23
35, 70, 23
36, 70, 23
37, 70, 23
38, 70, 23
39, 70, 23
40, 70, 23
41, 70, 23
37, 70, 24
38, 70, 24
35, 71, 16
36, 71, 16
37, 71, 16
38, 71, 16
39, 71, 16
40, 71, 16
34, 71, 17
35, 71, 17
36, 71, 17
37, 71, 17
38, 71, 17
39, 71, 17
40, 71, 17
41, 71, 17
34, 71, 18
35, 71, 18
36, 71, 18
37, 71, 18
38, 71, 18
39, 71, 18
40, 71, 18
41, 71, 18
34, 71, 19
35, 71, 19
36, 71, 19
37, 71, 19
38, 71, 19
39, 71, 19
40, 71, 19
41, 71, 19
34, 71, 20
35, 71, 20
36, 71, 20
37, 71, 20
38, 71, 20
39, 71, 20
40, 71, 20
41, 71, 20
34, 71, 21
35, 71, 21
36, 71, 21
37, 71, 21
38, 71, 21
39, 71, 21
40, 71, 21
41, 71, 21
35, 71, 22
36, 71, 22
37, 71, 22
38, 71, 22
39, 71, 22
40, 71, 22