23, 0, 5
24, 0, 5
25, 0, 5
26, 0, 5
27, 0, 5
32, 0, 5
33, 0, 5
34, 0, 5
35, 0, 5
36, 0, 5
23, 0, 6
24, 0, 6
25, 0, 6
26, 0, 6
27, 0, 6
28, 0, 6
31, 0, 6
32, 0, 6
33, 0, 6
34, 0, 6
35, 0, 6
36, 0, 6
22, 0, 7
23, 0, 7
24, 0, 7
25, 0, 7
26, 0, 7
27, 0, 7
28, 0, 7
31, 0, 7
32, 0, 7
33, 0, 7
34, 0, 7
35, 0, 7
36, 0, 7
37, 0, 7
22, 0, 8
23, 0, 8
24, 0, 8
25, 0, 8
26, 0, 8
27, 0, 8
28, 0, 8
31, 0, 8
32, 0, 8
33, 0, 8
34, 0, 8
35, 0, 8
36, 0, 8
37, 0, 8
22, 0, 9
23, 0, 9
24, 0, 9
25, 0, 9
26, 0, 9
27, 0, 9
28, 0, 9
31, 0, 9
32, 0, 9
33, 0, 9
34, 0, 9
35, 0, 9
36, 0, 9
37, 0, 9
22, 0, 10
23, 0, 10
24, 0, 10
25, 0, 10
26, 0, 10
27, 0, 10
28, 0, 10
31, 0, 10
32, 0, 10
33, 0, 10
34, 0, 10
35, 0, 10
36, 0, 10
37, 0, 10
21, 0, 11
22, 0, 11
23, 0, 11
24, 0, 11
25, 0, 11
26, 0, 11
27, 0, 11
28, 0, 11
31, 0, 11
32, 0, 11
33, 0, 11
34, 0, 11
35, 0, 11
36, 0, 11
37, 0, 11
38, 0, 11
21, 0, 12
22, 0, 12
23, 0, 12
24, 0, 12
25, 0, 12
26, 0, 12
27, 0, 12
28, 0, 12
29, 0, 12
30, 0, 12
31, 0, 12
32, 0, 12
33, 0, 12
34, 0, 12
35, 0, 12
36, 0, 12
37, 0, 12
38, 0, 12
21, 0, 13
22, 0, 13
23, 0, 13
24, 0, 13
25, 0, 13
26, 0, 13
27, 0, 13
28, 0, 13
29, 0, 13
30, 0, 13
31, 0, 13
32, 0, 13
33, 0, 13
34, 0, 13
35, 0, 13
36, 0, 13
37, 0, 13
38, 0, 13
21, 0, 14
22, 0, 14
23, 0, 14
24, 0, 14
25, 0, 14
26, 0, 14
27, 0, 14
28, 0, 14
29, 0, 14
30, 0, 14
31, 0, 14
32, 0, 14
33, 0, 14
34, 0, 14
35, 0, 14
36, 0, 14
37, 0, 14
38, 0, 14
21, 0, 15
22, 0, 15
23, 0, 15
24, 0, 15
25, 0, 15
26, 0, 15
27, 0, 15
28, 0, 15
29, 0, 15
30, 0, 15
31, 0, 15
32, 0, 15
33, 0, 15
34, 0, 15
35, 0, 15
36, 0, 15
37, 0, 15
38, 0, 15
21, 0, 16
22, 0, 16
23, 0, 16
24, 0, 16
25, 0, 16
26, 0, 16
27, 0, 16
28, 0, 16
29, 0, 16
30, 0, 16
31, 0, 16
32, 0, 16
33, 0, 16
34, 0, 16
35, 0, 16
36, 0, 16
37, 0, 16
38, 0, 16
22, 0, 17
23, 0, 17
24, 0, 17
25, 0, 17
26, 0, 17
27, 0, 17
28, 0, 17
29, 0, 17
30, 0, 17
31, 0, 17
32, 0, 17
33, 0, 17
34, 0, 17
35, 0, 17
36, 0, 17
37, 0, 17
22, 0, 18
23, 0, 18
24, 0, 18
25, 0, 18
26, 0, 18
27, 0, 18
28, 0, 18
31, 0, 18
32, 0, 18
33, 0, 18
34, 0, 18
35, 0, 18
36, 0, 18
37, 0, 18
24, 0, 19
25, 0, 19
26, 0, 19
32, 0, 19
33, 0, 19
34, 0, 19
35, 0, 19
25, 1, 4
26, 1, 4
27, 1, 4
32, 1, 4
33, 1, 4
34, 1, 4
23, 1, 5
24, 1, 5
28, 1, 5
31, 1, 5
35, 1, 5
36, 1, 5
22, 1, 6
28, 1, 6
31, 1, 6
37, 1, 6
22, 1, 7
28, 1, 7
31, 1, 7
37, 1, 7
21, 1, 8
28, 1, 8
31, 1, 8
38, 1, 8
21, 1, 9
29, 1, 9
31, 1, 9
38, 1, 9
21, 1, 10
29, 1, 10
30, 1, 10
38, 1, 10
21, 1, 11
29, 1, 11
30, 1, 11
38, 1, 11
20, 1, 12
38, 1, 12
20, 1, 13
39, 1, 13
20, 1, 14
39, 1, 14
20, 1, 15
39, 1, 15
21, 1, 16
38, 1, 16
21, 1, 17
29, 1, 17
30, 1, 17
38, 1, 17
22, 1, 18
28, 1, 18
31, 1, 18
37, 1, 18
23, 1, 19
24, 1, 19
25, 1, 19
26, 1, 19
27, 1, 19
28, 1, 19
32, 1, 19
33, 1, 19
34, 1, 19
35, 1, 19
36, 1, 19
24, 2, 4
25, 2, 4
26, 2, 4
27, 2, 4
32, 2, 4
33, 2, 4
34, 2, 4
35, 2, 4
23, 2, 5
28, 2, 5
31, 2, 5
36, 2, 5
22, 2, 6
28, 2, 6
31, 2, 6
37, 2, 6
22, 2, 7
28, 2, 7
31, 2, 7
37, 2, 7
21, 2, 8
29, 2, 8
31, 2, 8
38, 2, 8
21, 2, 9
30, 2, 9
38, 2, 9
21, 2, 10
38, 2, 10
20, 2, 11
38, 2, 11
20, 2, 12
39, 2, 12
20, 2, 13
39, 2, 13
20, 2, 14
39, 2, 14
20, 2, 15
39, 2, 15
20, 2, 16
38, 2, 16
21, 2, 17
38, 2, 17
21, 2, 18
29, 2, 18
30, 2, 18
38, 2, 18
22, 2, 19
23, 2, 19
24, 2, 19
26, 2, 19
27, 2, 19
28, 2, 19
31, 2, 19
32, 2, 19
35, 2, 19
36, 2, 19
37, 2, 19
25, 2, 20
33, 2, 20
34, 2, 20
24, 3, 4
25, 3, 4
26, 3, 4
27, 3, 4
32, 3, 4
33, 3, 4
34, 3, 4
35, 3, 4
23, 3, 5
28, 3, 5
31, 3, 5
36, 3, 5
22, 3, 6
28, 3, 6
31, 3, 6
37, 3, 6
22, 3, 7
28, 3, 7
31, 3, 7
37, 3, 7
21, 3, 8
28, 3, 8
31, 3, 8
38, 3, 8
21, 3, 9
29, 3, 9
31, 3, 9
38, 3, 9
21, 3, 10
30, 3, 10
38, 3, 10
21, 3, 11
38, 3, 11
21, 3, 12
39, 3, 12
20, 3, 13
39, 3, 13
20, 3, 14
39, 3, 14
20, 3, 15
39, 3, 15
21, 3, 16
38, 3, 16
21, 3, 17
38, 3, 17
22, 3, 18
29, 3, 18
30, 3, 18
38, 3, 18
22, 3, 19
23, 3, 19
24, 3, 19
25, 3, 19
26, 3, 19
27, 3, 19
28, 3, 19
31, 3, 19
32, 3, 19
33, 3, 19
35, 3, 19
36, 3, 19
37, 3, 19
34, 3, 20
24, 4, 4
25, 4, 4
26, 4, 4
33, 4, 4
34, 4, 4
35, 4, 4
23, 4, 5
27, 4, 5
28, 4, 5
31, 4, 5
32, 4, 5
36, 4, 5
22, 4, 6
28, 4, 6
31, 4, 6
37, 4, 6
22, 4, 7
28, 4, 7
31, 4, 7
37, 4, 7
22, 4, 8
28, 4, 8
31, 4, 8
37, 4, 8
21, 4, 9
28, 4, 9
31, 4, 9
38, 4, 9
21, 4, 10
29, 4, 10
30, 4, 10
38, 4, 10
21, 4, 11
38, 4, 11
21, 4, 12
38, 4, 12
21, 4, 13
39, 4, 13
20, 4, 14
39, 4, 14
20, 4, 15
39, 4, 15
21, 4, 16
38, 4, 16
21, 4, 17
30, 4, 17
38, 4, 17
22, 4, 18
29, 4, 18
30, 4, 18
37, 4, 18
23, 4, 19
24, 4, 19
25, 4, 19
26, 4, 19
27, 4, 19
28, 4, 19
31, 4, 19
32, 4, 19
33, 4, 19
34, 4, 19
35, 4, 19
36, 4, 19
25, 5, 4
26, 5, 4
33, 5, 4
34, 5, 4
23, 5, 5
24, 5, 5
27, 5, 5
28, 5, 5
31, 5, 5
32, 5, 5
35, 5, 5
36, 5, 5
22, 5, 6
29, 5, 6
30, 5, 6
37, 5, 6
22, 5, 7
29, 5, 7
30, 5, 7
37, 5, 7
21, 5, 8
29, 5, 8
30, 5, 8
38, 5, 8
21, 5, 9
29, 5, 9
30, 5, 9
38, 5, 9
21, 5, 10
38, 5, 10
21, 5, 11
38, 5, 11
21, 5, 12
38, 5, 12
21, 5, 13
38, 5, 13
21, 5, 14
29, 5, 14
30, 5, 14
38, 5, 14
21, 5, 15
29, 5, 15
30, 5, 15
38, 5, 15
21, 5, 16
29, 5, 16
30, 5, 16
38, 5, 16
22, 5, 17
29, 5, 17
31, 5, 17
37, 5, 17
22, 5, 18
23, 5, 18
28, 5, 18
31, 5, 18
36, 5, 18
37, 5, 18
24, 5, 19
25, 5, 19
26, 5, 19
27, 5, 19
32, 5, 19
33, 5, 19
34, 5, 19
35, 5, 19
25, 6, 4
34, 6, 4
23, 6, 5
24, 6, 5
26, 6, 5
27, 6, 5
28, 6, 5
31, 6, 5
32, 6, 5
33, 6, 5
35, 6, 5
36, 6, 5
22, 6, 6
29, 6, 6
30, 6, 6
37, 6, 6
22, 6, 7
37, 6, 7
21, 6, 8
38, 6, 8
21, 6, 9
38, 6, 9
21, 6, 10
38, 6, 10
21, 6, 11
38, 6, 11
21, 6, 12
38, 6, 12
22, 6, 13
29, 6, 13
30, 6, 13
37, 6, 13
22, 6, 14
28, 6, 14
31, 6, 14
37, 6, 14
22, 6, 15
28, 6, 15
31, 6, 15
37, 6, 15
22, 6, 16
23, 6, 16
24, 6, 16
26, 6, 16
27, 6, 16
28, 6, 16
31, 6, 16
32, 6, 16
33, 6, 16
35, 6, 16
36, 6, 16
37, 6, 16
22, 6, 17
23, 6, 17
24, 6, 17
25, 6, 17
26, 6, 17
27, 6, 17
28, 6, 17
31, 6, 17
32, 6, 17
33, 6, 17
34, 6, 17
35, 6, 17
36, 6, 17
37, 6, 17
24, 6, 18
25, 6, 18
26, 6, 18
27, 6, 18
32, 6, 18
33, 6, 18
34, 6, 18
35, 6, 18
36, 6, 18
23, 7, 5
24, 7, 5
25, 7, 5
26, 7, 5
27, 7, 5
32, 7, 5
33, 7, 5
34, 7, 5
35, 7, 5
36, 7, 5
22, 7, 6
28, 7, 6
31, 7, 6
37, 7, 6
22, 7, 7
29, 7, 7
30, 7, 7
37, 7, 7
21, 7, 8
38, 7, 8
21, 7, 9
38, 7, 9
21, 7, 10
38, 7, 10
21, 7, 11
38, 7, 11
22, 7, 12
37, 7, 12
22, 7, 13
29, 7, 13
30, 7, 13
37, 7, 13
23, 7, 14
28, 7, 14
31, 7, 14
36, 7, 14
23, 7, 15
24, 7, 15
26, 7, 15
27, 7, 15
32, 7, 15
33, 7, 15
35, 7, 15
36, 7, 15
25, 7, 16
34, 7, 16
24, 8, 5
25, 8, 5
26, 8, 5
33, 8, 5
34, 8, 5
35, 8, 5
23, 8, 6
27, 8, 6
28, 8, 6
31, 8, 6
32, 8, 6
36, 8, 6
22, 8, 7
29, 8, 7
30, 8, 7
37, 8, 7
22, 8, 8
37, 8, 8
22, 8, 9
37, 8, 9
22, 8, 10
37, 8, 10
22, 8, 11
37, 8, 11
22, 8, 12
29, 8, 12
30, 8, 12
37, 8, 12
22, 8, 13
28, 8, 13
31, 8, 13
37, 8, 13
23, 8, 14
24, 8, 14
26, 8, 14
27, 8, 14
32, 8, 14
33, 8, 14
35, 8, 14
36, 8, 14
25, 8, 15
34, 8, 15
23, 9, 6
24, 9, 6
25, 9, 6
26, 9, 6
27, 9, 6
28, 9, 6
31, 9, 6
32, 9, 6
33, 9, 6
34, 9, 6
35, 9, 6
36, 9, 6
23, 9, 7
28, 9, 7
31, 9, 7
36, 9, 7
22, 9, 8
29, 9, 8
30, 9, 8
37, 9, 8
22, 9, 9
37, 9, 9
22, 9, 10
37, 9, 10
22, 9, 11
29, 9, 11
30, 9, 11
37, 9, 11
22, 9, 12
28, 9, 12
31, 9, 12
37, 9, 12
23, 9, 13
28, 9, 13
31, 9, 13
36, 9, 13
24, 9, 14
25, 9, 14
26, 9, 14
27, 9, 14
32, 9, 14
33, 9, 14
34, 9, 14
35, 9, 14
23, 10, 6
24, 10, 6
25, 10, 6
26, 10, 6
27, 10, 6
28, 10, 6
31, 10, 6
32, 10, 6
33, 10, 6
34, 10, 6
35, 10, 6
36, 10, 6
23, 10, 7
28, 10, 7
31, 10, 7
36, 10, 7
22, 10, 8
29, 10, 8
30, 10, 8
37, 10, 8
22, 10, 9
37, 10, 9
22, 10, 10
37, 10, 10
22, 10, 11
29, 10, 11
30, 10, 11
37, 10, 11
22, 10, 12
28, 10, 12
31, 10, 12
37, 10, 12
23, 10, 13
28, 10, 13
31, 10, 13
36, 10, 13
24, 10, 14
25, 10, 14
26, 10, 14
27, 10, 14
32, 10, 14
33, 10, 14
34, 10, 14
35, 10, 14
24, 11, 6
25, 11, 6
26, 11, 6
27, 11, 6
32, 11, 6
33, 11, 6
34, 11, 6
35, 11, 6
23, 11, 7
28, 11, 7
31, 11, 7
36, 11, 7
22, 11, 8
29, 11, 8
30, 11, 8
37, 11, 8
22, 11, 9
37, 11, 9
22, 11, 10
37, 11, 10
22, 11, 11
29, 11, 11
30, 11, 11
37, 11, 11
22, 11, 12
28, 11, 12
31, 11, 12
37, 11, 12
23, 11, 13
24, 11, 13
27, 11, 13
28, 11, 13
31, 11, 13
32, 11, 13
35, 11, 13
36, 11, 13
25, 11, 14
26, 11, 14
33, 11, 14
34, 11, 14
23, 12, 6
24, 12, 6
25, 12, 6
26, 12, 6
27, 12, 6
28, 12, 6
31, 12, 6
32, 12, 6
33, 12, 6
34, 12, 6
35, 12, 6
36, 12, 6
23, 12, 7
28, 12, 7
31, 12, 7
36, 12, 7
22, 12, 8
29, 12, 8
30, 12, 8
37, 12, 8
22, 12, 9
37, 12, 9
22, 12, 10
37, 12, 10
22, 12, 11
37, 12, 11
22, 12, 12
29, 12, 12
30, 12, 12
37, 12, 12
23, 12, 13
24, 12, 13
27, 12, 13
28, 12, 13
31, 12, 13
32, 12, 13
35, 12, 13
36, 12, 13
25, 12, 14
26, 12, 14
33, 12, 14
34, 12, 14
23, 13, 6
24, 13, 6
25, 13, 6
26, 13, 6
27, 13, 6
28, 13, 6
31, 13, 6
32, 13, 6
33, 13, 6
34, 13, 6
35, 13, 6
36, 13, 6
23, 13, 7
28, 13, 7
31, 13, 7
36, 13, 7
22, 13, 8
29, 13, 8
30, 13, 8
37, 13, 8
22, 13, 9
37, 13, 9
22, 13, 10
37, 13, 10
22, 13, 11
37, 13, 11
22, 13, 12
29, 13, 12
30, 13, 12
37, 13, 12
23, 13, 13
28, 13, 13
31, 13, 13
36, 13, 13
24, 13, 14
25, 13, 14
26, 13, 14
27, 13, 14
32, 13, 14
33, 13, 14
34, 13, 14
35, 13, 14
24, 14, 6
25, 14, 6
26, 14, 6
27, 14, 6
32, 14, 6
33, 14, 6
34, 14, 6
35, 14, 6
23, 14, 7
28, 14, 7
31, 14, 7
36, 14, 7
22, 14, 8
29, 14, 8
30, 14, 8
37, 14, 8
22, 14, 9
37, 14, 9
22, 14, 10
37, 14, 10
22, 14, 11
37, 14, 11
23, 14, 12
29, 14, 12
30, 14, 12
36, 14, 12
23, 14, 13
28, 14, 13
31, 14, 13
36, 14, 13
24, 14, 14
25, 14, 14
26, 14, 14
27, 14, 14
32, 14, 14
33, 14, 14
34, 14, 14
35, 14, 14
24, 15, 6
25, 15, 6
26, 15, 6
27, 15, 6
32, 15, 6
33, 15, 6
34, 15, 6
35, 15, 6
23, 15, 7
28, 15, 7
31, 15, 7
36, 15, 7
22, 15, 8
29, 15, 8
30, 15, 8
37, 15, 8
22, 15, 9
37, 15, 9
22, 15, 10
37, 15, 10
22, 15, 11
37, 15, 11
23, 15, 12
29, 15, 12
30, 15, 12
36, 15, 12
23, 15, 13
28, 15, 13
31, 15, 13
36, 15, 13
24, 15, 14
25, 15, 14
26, 15, 14
27, 15, 14
32, 15, 14
33, 15, 14
34, 15, 14
35, 15, 14
24, 16, 6
25, 16, 6
26, 16, 6
27, 16, 6
28, 16, 6
31, 16, 6
32, 16, 6
33, 16, 6
34, 16, 6
35, 16, 6
23, 16, 7
28, 16, 7
31, 16, 7
36, 16, 7
22, 16, 8
29, 16, 8
30, 16, 8
37, 16, 8
22, 16, 9
37, 16, 9
22, 16, 10
37, 16, 10
22, 16, 11
37, 16, 11
22, 16, 12
37, 16, 12
23, 16, 13
28, 16, 13
29, 16, 13
30, 16, 13
31, 16, 13
36, 16, 13
24, 16, 14
25, 16, 14
26, 16, 14
27, 16, 14
32, 16, 14
33, 16, 14
34, 16, 14
35, 16, 14
27, 17, 5
28, 17, 5
31, 17, 5
32, 17, 5
23, 17, 6
24, 17, 6
25, 17, 6
26, 17, 6
29, 17, 6
30, 17, 6
33, 17, 6
34, 17, 6
35, 17, 6
36, 17, 6
23, 17, 7
29, 17, 7
30, 17, 7
36, 17, 7
22, 17, 8
37, 17, 8
22, 17, 9
37, 17, 9
22, 17, 10
37, 17, 10
22, 17, 11
37, 17, 11
22, 17, 12
37, 17, 12
23, 17, 13
36, 17, 13
24, 17, 14
28, 17, 14
29, 17, 14
30, 17, 14
31, 17, 14
35, 17, 14
25, 17, 15
26, 17, 15
27, 17, 15
28, 17, 15
29, 17, 15
30, 17, 15
31, 17, 15
32, 17, 15
33, 17, 15
34, 17, 15
26, 18, 4
27, 18, 4
28, 18, 4
29, 18, 4
30, 18, 4
31, 18, 4
32, 18, 4
33, 18, 4
24, 18, 5
25, 18, 5
26, 18, 5
29, 18, 5
30, 18, 5
33, 18, 5
34, 18, 5
35, 18, 5
23, 18, 6
36, 18, 6
22, 18, 7
37, 18, 7
22, 18, 8
37, 18, 8
22, 18, 9
37, 18, 9
22, 18, 10
37, 18, 10
22, 18, 11
37, 18, 11
22, 18, 12
37, 18, 12
22, 18, 13
37, 18, 13
23, 18, 14
36, 18, 14
24, 18, 15
35, 18, 15
25, 18, 16
26, 18, 16
27, 18, 16
28, 18, 16
29, 18, 16
30, 18, 16
31, 18, 16
32, 18, 16
33, 18, 16
34, 18, 16
30, 18, 17
25, 19, 4
26, 19, 4
27, 19, 4
28, 19, 4
29, 19, 4
30, 19, 4
31, 19, 4
32, 19, 4
33, 19, 4
34, 19, 4
23, 19, 5
24, 19, 5
35, 19, 5
36, 19, 5
22, 19, 6
37, 19, 6
22, 19, 7
37, 19, 7
22, 19, 8
37, 19, 8
22, 19, 9
37, 19, 9
22, 19, 10
37, 19, 10
22, 19, 11
37, 19, 11
22, 19, 12
37, 19, 12
22, 19, 13
37, 19, 13
22, 19, 14
37, 19, 14
23, 19, 15
36, 19, 15
24, 19, 16
25, 19, 16
34, 19, 16
35, 19, 16
26, 19, 17
27, 19, 17
28, 19, 17
29, 19, 17
30, 19, 17
31, 19, 17
32, 19, 17
33, 19, 17
24, 20, 4
25, 20, 4
26, 20, 4
27, 20, 4
28, 20, 4
29, 20, 4
30, 20, 4
31, 20, 4
32, 20, 4
33, 20, 4
34, 20, 4
35, 20, 4
23, 20, 5
36, 20, 5
22, 20, 6
37, 20, 6
22, 20, 7
37, 20, 7
22, 20, 8
37, 20, 8
21, 20, 9
38, 20, 9
21, 20, 10
38, 20, 10
21, 20, 11
38, 20, 11
22, 20, 12
37, 20, 12
22, 20, 13
37, 20, 13
22, 20, 14
37, 20, 14
23, 20, 15
36, 20, 15
24, 20, 16
35, 20, 16
25, 20, 17
26, 20, 17
33, 20, 17
34, 20, 17
27, 20, 18
28, 20, 18
29, 20, 18
30, 20, 18
31, 20, 18
32, 20, 18
24, 21, 4
25, 21, 4
26, 21, 4
27, 21, 4
28, 21, 4
29, 21, 4
30, 21, 4
31, 21, 4
32, 21, 4
33, 21, 4
34, 21, 4
35, 21, 4
23, 21, 5
36, 21, 5
22, 21, 6
37, 21, 6
22, 21, 7
37, 21, 7
21, 21, 8
38, 21, 8
21, 21, 9
38, 21, 9
21, 21, 10
38, 21, 10
21, 21, 11
38, 21, 11
21, 21, 12
38, 21, 12
22, 21, 13
37, 21, 13
22, 21, 14
37, 21, 14
22, 21, 15
37, 21, 15
23, 21, 16
36, 21, 16
24, 21, 17
25, 21, 17
34, 21, 17
35, 21, 17
26, 21, 18
27, 21, 18
28, 21, 18
29, 21, 18
30, 21, 18
31, 21, 18
32, 21, 18
33, 21, 18
24, 22, 4
25, 22, 4
26, 22, 4
27, 22, 4
28, 22, 4
29, 22, 4
30, 22, 4
31, 22, 4
32, 22, 4
33, 22, 4
34, 22, 4
35, 22, 4
23, 22, 5
36, 22, 5
22, 22, 6
37, 22, 6
22, 22, 7
37, 22, 7
21, 22, 8
38, 22, 8
21, 22, 9
38, 22, 9
21, 22, 10
38, 22, 10
21, 22, 11
38, 22, 11
21, 22, 12
38, 22, 12
21, 22, 13
38, 22, 13
22, 22, 14
37, 22, 14
22, 22, 15
37, 22, 15
23, 22, 16
36, 22, 16
23, 22, 17
24, 22, 17
35, 22, 17
36, 22, 17
25, 22, 18
26, 22, 18
27, 22, 18
28, 22, 18
31, 22, 18
32, 22, 18
33, 22, 18
34, 22, 18
29, 22, 19
30, 22, 19
24, 23, 4
25, 23, 4
26, 23, 4
27, 23, 4
28, 23, 4
29, 23, 4
30, 23, 4
31, 23, 4
32, 23, 4
33, 23, 4
34, 23, 4
35, 23, 4
23, 23, 5
36, 23, 5
22, 23, 6
37, 23, 6
22, 23, 7
37, 23, 7
21, 23, 8
38, 23, 8
21, 23, 9
38, 23, 9
21, 23, 10
38, 23, 10
21, 23, 11
38, 23, 11
21, 23, 12
38, 23, 12
21, 23, 13
38, 23, 13
22, 23, 14
37, 23, 14
22, 23, 15
37, 23, 15
23, 23, 16
36, 23, 16
23, 23, 17
24, 23, 17
35, 23, 17
36, 23, 17
25, 23, 18
26, 23, 18
27, 23, 18
32, 23, 18
33, 23, 18
34, 23, 18
28, 23, 19
29, 23, 19
30, 23, 19
31, 23, 19
25, 24, 4
26, 24, 4
27, 24, 4
28, 24, 4
29, 24, 4
30, 24, 4
31, 24, 4
32, 24, 4
33, 24, 4
34, 24, 4
23, 24, 5
24, 24, 5
35, 24, 5
36, 24, 5
22, 24, 6
37, 24, 6
22, 24, 7
37, 24, 7
21, 24, 8
38, 24, 8
21, 24, 9
38, 24, 9
21, 24, 10
38, 24, 10
21, 24, 11
38, 24, 11
21, 24, 12
38, 24, 12
21, 24, 13
38, 24, 13
22, 24, 14
37, 24, 14
22, 24, 15
37, 24, 15
23, 24, 16
36, 24, 16
23, 24, 17
24, 24, 17
35, 24, 17
36, 24, 17
25, 24, 18
26, 24, 18
27, 24, 18
32, 24, 18
33, 24, 18
34, 24, 18
28, 24, 19
29, 24, 19
30, 24, 19
31, 24, 19
25, 25, 4
26, 25, 4
27, 25, 4
28, 25, 4
29, 25, 4
30, 25, 4
31, 25, 4
32, 25, 4
33, 25, 4
34, 25, 4
23, 25, 5
24, 25, 5
35, 25, 5
36, 25, 5
22, 25, 6
37, 25, 6
22, 25, 7
37, 25, 7
21, 25, 8
38, 25, 8
21, 25, 9
38, 25, 9
21, 25, 10
38, 25, 10
21, 25, 11
38, 25, 11
21, 25, 12
38, 25, 12
21, 25, 13
38, 25, 13
22, 25, 14
37, 25, 14
22, 25, 15
37, 25, 15
23, 25, 16
36, 25, 16
23, 25, 17
24, 25, 17
35, 25, 17
36, 25, 17
25, 25, 18
26, 25, 18
27, 25, 18
32, 25, 18
33, 25, 18
34, 25, 18
28, 25, 19
29, 25, 19
30, 25, 19
31, 25, 19
25, 26, 4
26, 26, 4
27, 26, 4
28, 26, 4
29, 26, 4
30, 26, 4
31, 26, 4
32, 26, 4
33, 26, 4
34, 26, 4
23, 26, 5
24, 26, 5
35, 26, 5
36, 26, 5
22, 26, 6
37, 26, 6
21, 26, 7
38, 26, 7
21, 26, 8
38, 26, 8
21, 26, 9
38, 26, 9
21, 26, 10
38, 26, 10
21, 26, 11
38, 26, 11
21, 26, 12
38, 26, 12
22, 26, 13
37, 26, 13
22, 26, 14
37, 26, 14
22, 26, 15
37, 26, 15
23, 26, 16
36, 26, 16
23, 26, 17
36, 26, 17
24, 26, 18
25, 26, 18
26, 26, 18
27, 26, 18
28, 26, 18
31, 26, 18
32, 26, 18
33, 26, 18
34, 26, 18
35, 26, 18
29, 26, 19
30, 26, 19
24, 27, 4
25, 27, 4
26, 27, 4
27, 27, 4
28, 27, 4
29, 27, 4
30, 27, 4
31, 27, 4
32, 27, 4
33, 27, 4
34, 27, 4
35, 27, 4
23, 27, 5
36, 27, 5
22, 27, 6
37, 27, 6
22, 27, 7
37, 27, 7
22, 27, 8
37, 27, 8
22, 27, 9
37, 27, 9
21, 27, 10
38, 27, 10
21, 27, 11
38, 27, 11
21, 27, 12
38, 27, 12
22, 27, 13
37, 27, 13
22, 27, 14
37, 27, 14
22, 27, 15
37, 27, 15
23, 27, 16
36, 27, 16
23, 27, 17
24, 27, 17
35, 27, 17
36, 27, 17
25, 27, 18
26, 27, 18
27, 27, 18
28, 27, 18
29, 27, 18
30, 27, 18
31, 27, 18
32, 27, 18
33, 27, 18
34, 27, 18
29, 28, 3
30, 28, 3
24, 28, 4
25, 28, 4
26, 28, 4
27, 28, 4
28, 28, 4
31, 28, 4
32, 28, 4
33, 28, 4
34, 28, 4
35, 28, 4
23, 28, 5
36, 28, 5
22, 28, 6
37, 28, 6
22, 28, 7
37, 28, 7
22, 28, 8
37, 28, 8
22, 28, 9
37, 28, 9
22, 28, 10
37, 28, 10
22, 28, 11
37, 28, 11
22, 28, 12
37, 28, 12
22, 28, 13
37, 28, 13
22, 28, 14
37, 28, 14
23, 28, 15
36, 28, 15
23, 28, 16
36, 28, 16
24, 28, 17
35, 28, 17
24, 28, 18
25, 28, 18
26, 28, 18
27, 28, 18
28, 28, 18
29, 28, 18
30, 28, 18
31, 28, 18
32, 28, 18
33, 28, 18
34, 28, 18
35, 28, 18
30, 29, 3
24, 29, 4
25, 29, 4
26, 29, 4
27, 29, 4
28, 29, 4
29, 29, 4
31, 29, 4
32, 29, 4
33, 29, 4
34, 29, 4
35, 29, 4
23, 29, 5
36, 29, 5
11, 29, 6
22, 29, 6
37, 29, 6
48, 29, 6
10, 29, 7
11, 29, 7
12, 29, 7
16, 29, 7
20, 29, 7
21, 29, 7
38, 29, 7
39, 29, 7
43, 29, 7
47, 29, 7
48, 29, 7
49, 29, 7
8, 29, 8
9, 29, 8
10, 29, 8
11, 29, 8
12, 29, 8
13, 29, 8
14, 29, 8
15, 29, 8
16, 29, 8
17, 29, 8
18, 29, 8
19, 29, 8
20, 29, 8
21, 29, 8
38, 29, 8
39, 29, 8
40, 29, 8
41, 29, 8
42, 29, 8
43, 29, 8
44, 29, 8
45, 29, 8
46, 29, 8
47, 29, 8
48, 29, 8
49, 29, 8
50, 29, 8
51, 29, 8
9, 29, 9
10, 29, 9
11, 29, 9
12, 29, 9
13, 29, 9
14, 29, 9
15, 29, 9
16, 29, 9
17, 29, 9
18, 29, 9
19, 29, 9
20, 29, 9
21, 29, 9
38, 29, 9
39, 29, 9
40, 29, 9
41, 29, 9
42, 29, 9
43, 29, 9
44, 29, 9
45, 29, 9
46, 29, 9
47, 29, 9
48, 29, 9
49, 29, 9
50, 29, 9
7, 29, 10
8, 29, 10
9, 29, 10
10, 29, 10
11, 29, 10
12, 29, 10
15, 29, 10
16, 29, 10
17, 29, 10
18, 29, 10
19, 29, 10
20, 29, 10
21, 29, 10
38, 29, 10
39, 29, 10
40, 29, 10
41, 29, 10
42, 29, 10
43, 29, 10
44, 29, 10
47, 29, 10
48, 29, 10
49, 29, 10
50, 29, 10
51, 29, 10
52, 29, 10
7, 29, 11
8, 29, 11
9, 29, 11
10, 29, 11
11, 29, 11
12, 29, 11
22, 29, 11
37, 29, 11
47, 29, 11
48, 29, 11
49, 29, 11
50, 29, 11
51, 29, 11
52, 29, 11
6, 29, 12
7, 29, 12
8, 29, 12
9, 29, 12
22, 29, 12
37, 29, 12
50, 29, 12
51, 29, 12
52, 29, 12
53, 29, 12
6, 29, 13
7, 29, 13
8, 29, 13
9, 29, 13
22, 29, 13
37, 29, 13
50, 29, 13
51, 29, 13
52, 29, 13
53, 29, 13
23, 29, 14
36, 29, 14
23, 29, 15
36, 29, 15
23, 29, 16
36, 29, 16
24, 29, 17
27, 29, 17
28, 29, 17
31, 29, 17
32, 29, 17
35, 29, 17
25, 29, 18
26, 29, 18
29, 29, 18
30, 29, 18
33, 29, 18
34, 29, 18
24, 30, 4
25, 30, 4
26, 30, 4
27, 30, 4
28, 30, 4
29, 30, 4
30, 30, 4
31, 30, 4
32, 30, 4
33, 30, 4
34, 30, 4
35, 30, 4
23, 30, 5
36, 30, 5
6, 30, 6
7, 30, 6
8, 30, 6
9, 30, 6
10, 30, 6
11, 30, 6
12, 30, 6
20, 30, 6
21, 30, 6
22, 30, 6
37, 30, 6
38, 30, 6
39, 30, 6
47, 30, 6
48, 30, 6
49, 30, 6
50, 30, 6
51, 30, 6
52, 30, 6
53, 30, 6
6, 30, 7
7, 30, 7
8, 30, 7
9, 30, 7
13, 30, 7
14, 30, 7
15, 30, 7
16, 30, 7
17, 30, 7
18, 30, 7
19, 30, 7
40, 30, 7
41, 30, 7
42, 30, 7
43, 30, 7
44, 30, 7
45, 30, 7
46, 30, 7
50, 30, 7
51, 30, 7
52, 30, 7
53, 30, 7
6, 30, 8
7, 30, 8
52, 30, 8
53, 30, 8
6, 30, 9
7, 30, 9
8, 30, 9
51, 30, 9
52, 30, 9
53, 30, 9
6, 30, 10
13, 30, 10
14, 30, 10
45, 30, 10
46, 30, 10
53, 30, 10
6, 30, 11
13, 30, 11
14, 30, 11
15, 30, 11
16, 30, 11
17, 30, 11
18, 30, 11
19, 30, 11
20, 30, 11
21, 30, 11
38, 30, 11
39, 30, 11
40, 30, 11
41, 30, 11
42, 30, 11
43, 30, 11
44, 30, 11
45, 30, 11
46, 30, 11
53, 30, 11
3, 30, 12
4, 30, 12
5, 30, 12
10, 30, 12
11, 30, 12
12, 30, 12
22, 30, 12
37, 30, 12
47, 30, 12
48, 30, 12
49, 30, 12
54, 30, 12
55, 30, 12
56, 30, 12
3, 30, 13
4, 30, 13
5, 30, 13
9, 30, 13
22, 30, 13
37, 30, 13
50, 30, 13
54, 30, 13
55, 30, 13
56, 30, 13
3, 30, 14
4, 30, 14
5, 30, 14
6, 30, 14
7, 30, 14
8, 30, 14
23, 30, 14
36, 30, 14
51, 30, 14
52, 30, 14
53, 30, 14
54, 30, 14
55, 30, 14
56, 30, 14
23, 30, 15
36, 30, 15
24, 30, 16
35, 30, 16
25, 30, 17
26, 30, 17
27, 30, 17
28, 30, 17
29, 30, 17
30, 30, 17
31, 30, 17
32, 30, 17
33, 30, 17
34, 30, 17
25, 31, 4
26, 31, 4
27, 31, 4
28, 31, 4
29, 31, 4
30, 31, 4
31, 31, 4
32, 31, 4
33, 31, 4
34, 31, 4
23, 31, 5
24, 31, 5
35, 31, 5
36, 31, 5
2, 31, 6
4, 31, 6
5, 31, 6
6, 31, 6
7, 31, 6
8, 31, 6
9, 31, 6
10, 31, 6
11, 31, 6
12, 31, 6
16, 31, 6
17, 31, 6
18, 31, 6
19, 31, 6
20, 31, 6
21, 31, 6
22, 31, 6
37, 31, 6
38, 31, 6
39, 31, 6
40, 31, 6
41, 31, 6
42, 31, 6
43, 31, 6
47, 31, 6
48, 31, 6
49, 31, 6
50, 31, 6
51, 31, 6
52, 31, 6
53, 31, 6
54, 31, 6
55, 31, 6
57, 31, 6
2, 31, 7
3, 31, 7
4, 31, 7
5, 31, 7
13, 31, 7
14, 31, 7
15, 31, 7
44, 31, 7
45, 31, 7
46, 31, 7
54, 31, 7
55, 31, 7
56, 31, 7
57, 31, 7
5, 31, 8
54, 31, 8
5, 31, 9
54, 31, 9
5, 31, 10
54, 31, 10
5, 31, 11
13, 31, 11
14, 31, 11
15, 31, 11
16, 31, 11
18, 31, 11
41, 31, 11
43, 31, 11
44, 31, 11
45, 31, 11
46, 31, 11
54, 31, 11
3, 31, 12
4, 31, 12
10, 31, 12
11, 31, 12
12, 31, 12
17, 31, 12
19, 31, 12
20, 31, 12
21, 31, 12
22, 31, 12
37, 31, 12
38, 31, 12
39, 31, 12
40, 31, 12
42, 31, 12
47, 31, 12
48, 31, 12
49, 31, 12
55, 31, 12
56, 31, 12
3, 31, 13
9, 31, 13
23, 31, 13
36, 31, 13
50, 31, 13
56, 31, 13
3, 31, 14
4, 31, 14
5, 31, 14
6, 31, 14
7, 31, 14
8, 31, 14
23, 31, 14
36, 31, 14
51, 31, 14
52, 31, 14
53, 31, 14
54, 31, 14
55, 31, 14
56, 31, 14
24, 31, 15
35, 31, 15
25, 31, 16
26, 31, 16
27, 31, 16
28, 31, 16
29, 31, 16
30, 31, 16
31, 31, 16
32, 31, 16
33, 31, 16
34, 31, 16
26, 32, 4
27, 32, 4
28, 32, 4
29, 32, 4
30, 32, 4
31, 32, 4
32, 32, 4
33, 32, 4
6, 32, 5
7, 32, 5
8, 32, 5
24, 32, 5
25, 32, 5
34, 32, 5
35, 32, 5
51, 32, 5
52, 32, 5
53, 32, 5
1, 32, 6
2, 32, 6
3, 32, 6
4, 32, 6
5, 32, 6
9, 32, 6
10, 32, 6
11, 32, 6
12, 32, 6
16, 32, 6
17, 32, 6
18, 32, 6
19, 32, 6
20, 32, 6
21, 32, 6
22, 32, 6
23, 32, 6
36, 32, 6
37, 32, 6
38, 32, 6
39, 32, 6
40, 32, 6
41, 32, 6
42, 32, 6
43, 32, 6
47, 32, 6
48, 32, 6
49, 32, 6
50, 32, 6
54, 32, 6
55, 32, 6
56, 32, 6
57, 32, 6
58, 32, 6
0, 32, 7
1, 32, 7
13, 32, 7
14, 32, 7
15, 32, 7
44, 32, 7
45, 32, 7
46, 32, 7
58, 32, 7
59, 32, 7
0, 32, 8
1, 32, 8
2, 32, 8
3, 32, 8
4, 32, 8
55, 32, 8
56, 32, 8
57, 32, 8
58, 32, 8
59, 32, 8
0, 32, 9
1, 32, 9
2, 32, 9
3, 32, 9
4, 32, 9
55, 32, 9
56, 32, 9
57, 32, 9
58, 32, 9
59, 32, 9
0, 32, 10
1, 32, 10
2, 32, 10
3, 32, 10
4, 32, 10
55, 32, 10
56, 32, 10
57, 32, 10
58, 32, 10
59, 32, 10
0, 32, 11
1, 32, 11
2, 32, 11
3, 32, 11
4, 32, 11
13, 32, 11
14, 32, 11
15, 32, 11
16, 32, 11
18, 32, 11
41, 32, 11
43, 32, 11
44, 32, 11
45, 32, 11
46, 32, 11
55, 32, 11
56, 32, 11
57, 32, 11
58, 32, 11
59, 32, 11
0, 32, 12
1, 32, 12
2, 32, 12
10, 32, 12
11, 32, 12
12, 32, 12
17, 32, 12
19, 32, 12
20, 32, 12
21, 32, 12
22, 32, 12
37, 32, 12
38, 32, 12
39, 32, 12
40, 32, 12
42, 32, 12
47, 32, 12
48, 32, 12
49, 32, 12
57, 32, 12
58, 32, 12
59, 32, 12
3, 32, 13
4, 32, 13
5, 32, 13
6, 32, 13
8, 32, 13
9, 32, 13
23, 32, 13
36, 32, 13
50, 32, 13
51, 32, 13
53, 32, 13
54, 32, 13
55, 32, 13
56, 32, 13
6, 32, 14
7, 32, 14
24, 32, 14
35, 32, 14
52, 32, 14
53, 32, 14
25, 32, 15
27, 32, 15
28, 32, 15
29, 32, 15
30, 32, 15
31, 32, 15
32, 32, 15
34, 32, 15
26, 32, 16
33, 32, 16
28, 33, 4
31, 33, 4
4, 33, 5
5, 33, 5
6, 33, 5
7, 33, 5
8, 33, 5
25, 33, 5
26, 33, 5
27, 33, 5
29, 33, 5
30, 33, 5
32, 33, 5
33, 33, 5
34, 33, 5
51, 33, 5
52, 33, 5
53, 33, 5
54, 33, 5
55, 33, 5
1, 33, 6
2, 33, 6
3, 33, 6
9, 33, 6
10, 33, 6
11, 33, 6
12, 33, 6
17, 33, 6
19, 33, 6
20, 33, 6
21, 33, 6
22, 33, 6
23, 33, 6
24, 33, 6
35, 33, 6
36, 33, 6
37, 33, 6
38, 33, 6
39, 33, 6
40, 33, 6
42, 33, 6
47, 33, 6
48, 33, 6
49, 33, 6
50, 33, 6
56, 33, 6
57, 33, 6
58, 33, 6
0, 33, 7
13, 33, 7
14, 33, 7
15, 33, 7
16, 33, 7
18, 33, 7
41, 33, 7
43, 33, 7
44, 33, 7
45, 33, 7
46, 33, 7
59, 33, 7
0, 33, 8
59, 33, 8
0, 33, 9
59, 33, 9
0, 33, 10
59, 33, 10
0, 33, 11
13, 33, 11
14, 33, 11
15, 33, 11
16, 33, 11
17, 33, 11
18, 33, 11
19, 33, 11
20, 33, 11
39, 33, 11
40, 33, 11
41, 33, 11
42, 33, 11
43, 33, 11
44, 33, 11
45, 33, 11
46, 33, 11
59, 33, 11
0, 33, 12
1, 33, 12
2, 33, 12
3, 33, 12
4, 33, 12
5, 33, 12
6, 33, 12
8, 33, 12
9, 33, 12
10, 33, 12
11, 33, 12
12, 33, 12
21, 33, 12
22, 33, 12
23, 33, 12
36, 33, 12
37, 33, 12
38, 33, 12
47, 33, 12
48, 33, 12
49, 33, 12
50, 33, 12
51, 33, 12
53, 33, 12
54, 33, 12
55, 33, 12
56, 33, 12
57, 33, 12
58, 33, 12
59, 33, 12
7, 33, 13
24, 33, 13
35, 33, 13
52, 33, 13
25, 33, 14
27, 33, 14
28, 33, 14
31, 33, 14
32, 33, 14
34, 33, 14
26, 33, 15
29, 33, 15
30, 33, 15
33, 33, 15
26, 34, 5
27, 34, 5
28, 34, 5
29, 34, 5
30, 34, 5
31, 34, 5
32, 34, 5
33, 34, 5
4, 34, 6
5, 34, 6
6, 34, 6
7, 34, 6
8, 34, 6
9, 34, 6
11, 34, 6
12, 34, 6
24, 34, 6
25, 34, 6
26, 34, 6
33, 34, 6
34, 34, 6
35, 34, 6
47, 34, 6
48, 34, 6
50, 34, 6
51, 34, 6
52, 34, 6
53, 34, 6
54, 34, 6
55, 34, 6
0, 34, 7
1, 34, 7
2, 34, 7
3, 34, 7
4, 34, 7
5, 34, 7
9, 34, 7
10, 34, 7
11, 34, 7
12, 34, 7
16, 34, 7
17, 34, 7
18, 34, 7
19, 34, 7
20, 34, 7
21, 34, 7
22, 34, 7
23, 34, 7
24, 34, 7
35, 34, 7
36, 34, 7
37, 34, 7
38, 34, 7
39, 34, 7
40, 34, 7
41, 34, 7
42, 34, 7
43, 34, 7
47, 34, 7
48, 34, 7
49, 34, 7
50, 34, 7
54, 34, 7
55, 34, 7
56, 34, 7
57, 34, 7
58, 34, 7
59, 34, 7
0, 34, 8
1, 34, 8
2, 34, 8
3, 34, 8
4, 34, 8
10, 34, 8
13, 34, 8
14, 34, 8
15, 34, 8
16, 34, 8
17, 34, 8
18, 34, 8
19, 34, 8
20, 34, 8
21, 34, 8
22, 34, 8
23, 34, 8
24, 34, 8
35, 34, 8
36, 34, 8
37, 34, 8
38, 34, 8
39, 34, 8
40, 34, 8
41, 34, 8
42, 34, 8
43, 34, 8
44, 34, 8
45, 34, 8
46, 34, 8
49, 34, 8
55, 34, 8
56, 34, 8
57, 34, 8
58, 34, 8
59, 34, 8
0, 34, 9
1, 34, 9
2, 34, 9
3, 34, 9
13, 34, 9
14, 34, 9
15, 34, 9
16, 34, 9
17, 34, 9
18, 34, 9
19, 34, 9
20, 34, 9
21, 34, 9
22, 34, 9
23, 34, 9
24, 34, 9
35, 34, 9
36, 34, 9
37, 34, 9
38, 34, 9
39, 34, 9
40, 34, 9
41, 34, 9
42, 34, 9
43, 34, 9
44, 34, 9
45, 34, 9
46, 34, 9
56, 34, 9
57, 34, 9
58, 34, 9
59, 34, 9
0, 34, 10
1, 34, 10
2, 34, 10
3, 34, 10
4, 34, 10
10, 34, 10
12, 34, 10
13, 34, 10
14, 34, 10
15, 34, 10
16, 34, 10
17, 34, 10
18, 34, 10
19, 34, 10
20, 34, 10
21, 34, 10
22, 34, 10
23, 34, 10
36, 34, 10
37, 34, 10
38, 34, 10
39, 34, 10
40, 34, 10
41, 34, 10
42, 34, 10
43, 34, 10
44, 34, 10
45, 34, 10
46, 34, 10
47, 34, 10
49, 34, 10
55, 34, 10
56, 34, 10
57, 34, 10
58, 34, 10
59, 34, 10
0, 34, 11
1, 34, 11
2, 34, 11
3, 34, 11
4, 34, 11
9, 34, 11
10, 34, 11
11, 34, 11
12, 34, 11
16, 34, 11
17, 34, 11
19, 34, 11
20, 34, 11
21, 34, 11
22, 34, 11
23, 34, 11
24, 34, 11
35, 34, 11
36, 34, 11
37, 34, 11
38, 34, 11
39, 34, 11
40, 34, 11
42, 34, 11
43, 34, 11
47, 34, 11
48, 34, 11
49, 34, 11
50, 34, 11
55, 34, 11
56, 34, 11
57, 34, 11
58, 34, 11
59, 34, 11
0, 34, 12
1, 34, 12
2, 34, 12
3, 34, 12
4, 34, 12
5, 34, 12
6, 34, 12
7, 34, 12
8, 34, 12
9, 34, 12
11, 34, 12
24, 34, 12
35, 34, 12
48, 34, 12
50, 34, 12
51, 34, 12
52, 34, 12
53, 34, 12
54, 34, 12
55, 34, 12
56, 34, 12
57, 34, 12
58, 34, 12
59, 34, 12
25, 34, 13
34, 34, 13
26, 34, 14
33, 34, 14
27, 34, 15
28, 34, 15
31, 34, 15
32, 34, 15
27, 34, 16
28, 34, 16
29, 34, 16
30, 34, 16
31, 34, 16
32, 34, 16
28, 34, 17
29, 34, 17
30, 34, 17
31, 34, 17
27, 35, 6
28, 35, 6
29, 35, 6
30, 35, 6
31, 35, 6
32, 35, 6
6, 35, 7
7, 35, 7
8, 35, 7
25, 35, 7
26, 35, 7
33, 35, 7
34, 35, 7
51, 35, 7
52, 35, 7
53, 35, 7
5, 35, 8
6, 35, 8
7, 35, 8
8, 35, 8
9, 35, 8
11, 35, 8
12, 35, 8
25, 35, 8
34, 35, 8
47, 35, 8
48, 35, 8
50, 35, 8
51, 35, 8
52, 35, 8
53, 35, 8
54, 35, 8
4, 35, 9
5, 35, 9
6, 35, 9
7, 35, 9
8, 35, 9
9, 35, 9
10, 35, 9
11, 35, 9
12, 35, 9
25, 35, 9
34, 35, 9
47, 35, 9
48, 35, 9
49, 35, 9
50, 35, 9
51, 35, 9
52, 35, 9
53, 35, 9
54, 35, 9
55, 35, 9
5, 35, 10
6, 35, 10
7, 35, 10
8, 35, 10
9, 35, 10
11, 35, 10
24, 35, 10
35, 35, 10
48, 35, 10
50, 35, 10
51, 35, 10
52, 35, 10
53, 35, 10
54, 35, 10
5, 35, 11
6, 35, 11
7, 35, 11
8, 35, 11
25, 35, 11
34, 35, 11
51, 35, 11
52, 35, 11
53, 35, 11
54, 35, 11
25, 35, 12
34, 35, 12
25, 35, 13
34, 35, 13
25, 35, 14
34, 35, 14
25, 35, 15
26, 35, 15
33, 35, 15
34, 35, 15
26, 35, 16
33, 35, 16
27, 35, 17
28, 35, 17
29, 35, 17
30, 35, 17
31, 35, 17
32, 35, 17
27, 36, 3
28, 36, 3
29, 36, 3
30, 36, 3
31, 36, 3
32, 36, 3
27, 36, 4
28, 36, 4
29, 36, 4
30, 36, 4
31, 36, 4
32, 36, 4
27, 36, 5
28, 36, 5
29, 36, 5
30, 36, 5
31, 36, 5
32, 36, 5
27, 36, 6
32, 36, 6
26, 36, 7
33, 36, 7
25, 36, 8
34, 36, 8
25, 36, 9
34, 36, 9
24, 36, 10
35, 36, 10
24, 36, 11
35, 36, 11
23, 36, 12
24, 36, 12
35, 36, 12
36, 36, 12
23, 36, 13
24, 36, 13
35, 36, 13
36, 36, 13
24, 36, 14
35, 36, 14
24, 36, 15
35, 36, 15
24, 36, 16
25, 36, 16
34, 36, 16
35, 36, 16
26, 36, 17
27, 36, 17
32, 36, 17
33, 36, 17
28, 36, 18
29, 36, 18
30, 36, 18
31, 36, 18
27, 37, 2
28, 37, 2
31, 37, 2
32, 37, 2
26, 37, 3
29, 37, 3
30, 37, 3
33, 37, 3
26, 37, 4
33, 37, 4
23, 37, 5
24, 37, 5
25, 37, 5
26, 37, 5
33, 37, 5
34, 37, 5
35, 37, 5
36, 37, 5
23, 37, 6
24, 37, 6
25, 37, 6
26, 37, 6
33, 37, 6
34, 37, 6
35, 37, 6
36, 37, 6
23, 37, 7
24, 37, 7
25, 37, 7
34, 37, 7
35, 37, 7
36, 37, 7
24, 37, 8
35, 37, 8
23, 37, 9
24, 37, 9
35, 37, 9
36, 37, 9
23, 37, 10
36, 37, 10
23, 37, 11
36, 37, 11
23, 37, 12
36, 37, 12
23, 37, 13
36, 37, 13
23, 37, 14
36, 37, 14
23, 37, 15
36, 37, 15
24, 37, 16
35, 37, 16
25, 37, 17
34, 37, 17
25, 37, 18
26, 37, 18
27, 37, 18
32, 37, 18
33, 37, 18
34, 37, 18
27, 37, 19
28, 37, 19
29, 37, 19
30, 37, 19
31, 37, 19
32, 37, 19
28, 37, 20
29, 37, 20
30, 37, 20
31, 37, 20
29, 37, 21
30, 37, 21
27, 38, 2
28, 38, 2
31, 38, 2
32, 38, 2
26, 38, 3
29, 38, 3
30, 38, 3
33, 38, 3
23, 38, 4
24, 38, 4
25, 38, 4
34, 38, 4
35, 38, 4
36, 38, 4
23, 38, 5
36, 38, 5
23, 38, 6
36, 38, 6
23, 38, 7
36, 38, 7
23, 38, 8
36, 38, 8
23, 38, 9
36, 38, 9
22, 38, 10
37, 38, 10
22, 38, 11
37, 38, 11
22, 38, 12
37, 38, 12
22, 38, 13
37, 38, 13
22, 38, 14
37, 38, 14
23, 38, 15
36, 38, 15
23, 38, 16
36, 38, 16
24, 38, 17
35, 38, 17
25, 38, 18
34, 38, 18
26, 38, 19
33, 38, 19
27, 38, 20
32, 38, 20
27, 38, 21
28, 38, 21
31, 38, 21
32, 38, 21
27, 38, 22
28, 38, 22
29, 38, 22
30, 38, 22
31, 38, 22
32, 38, 22
28, 38, 23
29, 38, 23
30, 38, 23
31, 38, 23
27, 39, 3
28, 39, 3
29, 39, 3
30, 39, 3
31, 39, 3
32, 39, 3
24, 39, 4
25, 39, 4
26, 39, 4
33, 39, 4
34, 39, 4
35, 39, 4
23, 39, 5
36, 39, 5
23, 39, 6
36, 39, 6
21, 39, 7
23, 39, 7
36, 39, 7
38, 39, 7
20, 39, 8
21, 39, 8
22, 39, 8
37, 39, 8
38, 39, 8
39, 39, 8
21, 39, 9
22, 39, 9
37, 39, 9
38, 39, 9
22, 39, 10
37, 39, 10
22, 39, 11
37, 39, 11
22, 39, 12
37, 39, 12
22, 39, 13
37, 39, 13
22, 39, 14
37, 39, 14
23, 39, 15
36, 39, 15
23, 39, 16
36, 39, 16
24, 39, 17
35, 39, 17
24, 39, 18
25, 39, 18
34, 39, 18
35, 39, 18
26, 39, 19
33, 39, 19
26, 39, 20
33, 39, 20
26, 39, 21
33, 39, 21
27, 39, 22
32, 39, 22
27, 39, 23
28, 39, 23
29, 39, 23
30, 39, 23
31, 39, 23
32, 39, 23
29, 40, 2
30, 40, 2
26, 40, 3
27, 40, 3
28, 40, 3
31, 40, 3
32, 40, 3
33, 40, 3
24, 40, 4
25, 40, 4
34, 40, 4
35, 40, 4
24, 40, 5
35, 40, 5
23, 40, 6
36, 40, 6
20, 40, 7
21, 40, 7
22, 40, 7
37, 40, 7
38, 40, 7
39, 40, 7
20, 40, 8
39, 40, 8
20, 40, 9
39, 40, 9
21, 40, 10
38, 40, 10
22, 40, 11
37, 40, 11
21, 40, 12
38, 40, 12
22, 40, 13
37, 40, 13
22, 40, 14
37, 40, 14
23, 40, 15
36, 40, 15
23, 40, 16
36, 40, 16
24, 40, 17
35, 40, 17
24, 40, 18
25, 40, 18
26, 40, 18
33, 40, 18
34, 40, 18
35, 40, 18
27, 40, 19
32, 40, 19
26, 40, 20
33, 40, 20
26, 40, 21
33, 40, 21
26, 40, 22
33, 40, 22
27, 40, 23
28, 40, 23
29, 40, 23
30, 40, 23
31, 40, 23
32, 40, 23
29, 41, 2
30, 41, 2
25, 41, 3
26, 41, 3
27, 41, 3
28, 41, 3
31, 41, 3
32, 41, 3
33, 41, 3
34, 41, 3
24, 41, 4
35, 41, 4
23, 41, 5
36, 41, 5
20, 41, 6
23, 41, 6
36, 41, 6
39, 41, 6
19, 41, 7
21, 41, 7
22, 41, 7
37, 41, 7
38, 41, 7
40, 41, 7
19, 41, 8
20, 41, 8
39, 41, 8
40, 41, 8
21, 41, 9
38, 41, 9
22, 41, 10
37, 41, 10
22, 41, 11
37, 41, 11
21, 41, 12
38, 41, 12
22, 41, 13
37, 41, 13
22, 41, 14
37, 41, 14
23, 41, 15
36, 41, 15
24, 41, 16
35, 41, 16
24, 41, 17
25, 41, 17
26, 41, 17
33, 41, 17
34, 41, 17
35, 41, 17
27, 41, 18
32, 41, 18
27, 41, 19
32, 41, 19
26, 41, 20
33, 41, 20
27, 41, 21
32, 41, 21
27, 41, 22
32, 41, 22
27, 41, 23
28, 41, 23
29, 41, 23
30, 41, 23
31, 41, 23
32, 41, 23
27, 42, 2
28, 42, 2
29, 42, 2
30, 42, 2
31, 42, 2
32, 42, 2
25, 42, 3
26, 42, 3
33, 42, 3
34, 42, 3
24, 42, 4
35, 42, 4
23, 42, 5
36, 42, 5
20, 42, 6
21, 42, 6
22, 42, 6
37, 42, 6
38, 42, 6
39, 42, 6
19, 42, 7
40, 42, 7
19, 42, 8
20, 42, 8
39, 42, 8
40, 42, 8
21, 42, 9
38, 42, 9
22, 42, 10
37, 42, 10
22, 42, 11
37, 42, 11
21, 42, 12
38, 42, 12
22, 42, 13
37, 42, 13
22, 42, 14
37, 42, 14
23, 42, 15
36, 42, 15
24, 42, 16
25, 42, 16
34, 42, 16
35, 42, 16
26, 42, 17
27, 42, 17
32, 42, 17
33, 42, 17
28, 42, 18
31, 42, 18
27, 42, 19
28, 42, 19
29, 42, 19
30, 42, 19
31, 42, 19
32, 42, 19
27, 42, 20
28, 42, 20
29, 42, 20
30, 42, 20
31, 42, 20
32, 42, 20
27, 42, 21
28, 42, 21
29, 42, 21
30, 42, 21
31, 42, 21
32, 42, 21
27, 42, 22
28, 42, 22
29, 42, 22
30, 42, 22
31, 42, 22
32, 42, 22
28, 42, 23
29, 42, 23
30, 42, 23
31, 42, 23
26, 43, 1
27, 43, 1
28, 43, 1
29, 43, 1
30, 43, 1
31, 43, 1
32, 43, 1
33, 43, 1
25, 43, 2
26, 43, 2
33, 43, 2
34, 43, 2
24, 43, 3
35, 43, 3
23, 43, 4
36, 43, 4
23, 43, 5
36, 43, 5
20, 43, 6
22, 43, 6
37, 43, 6
39, 43, 6
19, 43, 7
21, 43, 7
38, 43, 7
40, 43, 7
19, 43, 8
40, 43, 8
20, 43, 9
39, 43, 9
21, 43, 10
38, 43, 10
22, 43, 11
37, 43, 11
22, 43, 12
37, 43, 12
22, 43, 13
37, 43, 13
22, 43, 14
37, 43, 14
23, 43, 15
36, 43, 15
24, 43, 16
35, 43, 16
25, 43, 17
26, 43, 17
27, 43, 17
32, 43, 17
33, 43, 17
34, 43, 17
28, 43, 18
29, 43, 18
30, 43, 18
31, 43, 18
27, 44, 0
28, 44, 0
29, 44, 0
30, 44, 0
31, 44, 0
32, 44, 0
25, 44, 1
26, 44, 1
33, 44, 1
34, 44, 1
24, 44, 2
35, 44, 2
23, 44, 3
36, 44, 3
22, 44, 4
37, 44, 4
22, 44, 5
37, 44, 5
21, 44, 6
38, 44, 6
19, 44, 7
20, 44, 7
39, 44, 7
40, 44, 7
19, 44, 8
40, 44, 8
19, 44, 9
40, 44, 9
20, 44, 10
21, 44, 10
38, 44, 10
39, 44, 10
22, 44, 11
37, 44, 11
22, 44, 12
37, 44, 12
22, 44, 13
37, 44, 13
23, 44, 14
36, 44, 14
23, 44, 15
36, 44, 15
24, 44, 16
35, 44, 16
25, 44, 17
26, 44, 17
27, 44, 17
32, 44, 17
33, 44, 17
34, 44, 17
28, 44, 18
29, 44, 18
30, 44, 18
31, 44, 18
26, 45, 0
27, 45, 0
28, 45, 0
29, 45, 0
30, 45, 0
31, 45, 0
32, 45, 0
33, 45, 0
24, 45, 1
25, 45, 1
34, 45, 1
35, 45, 1
23, 45, 2
36, 45, 2
22, 45, 3
37, 45, 3
22, 45, 4
37, 45, 4
21, 45, 5
38, 45, 5
21, 45, 6
38, 45, 6
20, 45, 7
39, 45, 7
19, 45, 8
40, 45, 8
20, 45, 9
39, 45, 9
20, 45, 10
39, 45, 10
21, 45, 11
38, 45, 11
22, 45, 12
37, 45, 12
22, 45, 13
37, 45, 13
23, 45, 14
36, 45, 14
23, 45, 15
36, 45, 15
24, 45, 16
35, 45, 16
25, 45, 17
26, 45, 17
33, 45, 17
34, 45, 17
27, 45, 18
28, 45, 18
29, 45, 18
30, 45, 18
31, 45, 18
32, 45, 18
25, 46, 0
26, 46, 0
27, 46, 0
28, 46, 0
29, 46, 0
30, 46, 0
31, 46, 0
32, 46, 0
33, 46, 0
34, 46, 0
24, 46, 1
35, 46, 1
23, 46, 2
36, 46, 2
22, 46, 3
37, 46, 3
21, 46, 4
38, 46, 4
21, 46, 5
38, 46, 5
20, 46, 6
39, 46, 6
20, 46, 7
39, 46, 7
20, 46, 8
39, 46, 8
20, 46, 9
39, 46, 9
20, 46, 10
39, 46, 10
20, 46, 11
39, 46, 11
20, 46, 12
21, 46, 12
38, 46, 12
39, 46, 12
21, 46, 13
38, 46, 13
22, 46, 14
37, 46, 14
22, 46, 15
37, 46, 15
22, 46, 16
23, 46, 16
36, 46, 16
37, 46, 16
22, 46, 17
23, 46, 17
24, 46, 17
25, 46, 17
34, 46, 17
35, 46, 17
36, 46, 17
37, 46, 17
22, 46, 18
23, 46, 18
24, 46, 18
26, 46, 18
27, 46, 18
28, 46, 18
29, 46, 18
30, 46, 18
31, 46, 18
32, 46, 18
33, 46, 18
35, 46, 18
36, 46, 18
37, 46, 18
22, 46, 19
23, 46, 19
36, 46, 19
37, 46, 19
23, 46, 20
36, 46, 20
26, 47, 0
27, 47, 0
28, 47, 0
29, 47, 0
30, 47, 0
31, 47, 0
32, 47, 0
33, 47, 0
24, 47, 1
25, 47, 1
34, 47, 1
35, 47, 1
23, 47, 2
36, 47, 2
22, 47, 3
37, 47, 3
22, 47, 4
37, 47, 4
21, 47, 5
38, 47, 5
20, 47, 6
39, 47, 6
20, 47, 7
39, 47, 7
20, 47, 8
39, 47, 8
20, 47, 9
39, 47, 9
20, 47, 10
39, 47, 10
20, 47, 11
39, 47, 11
20, 47, 12
39, 47, 12
21, 47, 13
38, 47, 13
21, 47, 14
38, 47, 14
22, 47, 15
37, 47, 15
22, 47, 16
37, 47, 16
22, 47, 17
37, 47, 17
22, 47, 18
25, 47, 18
34, 47, 18
37, 47, 18
22, 47, 19
24, 47, 19
25, 47, 19
26, 47, 19
27, 47, 19
28, 47, 19
29, 47, 19
30, 47, 19
31, 47, 19
32, 47, 19
33, 47, 19
34, 47, 19
35, 47, 19
37, 47, 19
23, 47, 20
24, 47, 20
25, 47, 20
26, 47, 20
27, 47, 20
28, 47, 20
31, 47, 20
32, 47, 20
33, 47, 20
34, 47, 20
35, 47, 20
36, 47, 20
23, 47, 21
24, 47, 21
25, 47, 21
26, 47, 21
27, 47, 21
32, 47, 21
33, 47, 21
34, 47, 21
35, 47, 21
36, 47, 21
24, 47, 22
25, 47, 22
26, 47, 22
27, 47, 22
32, 47, 22
33, 47, 22
34, 47, 22
35, 47, 22
26, 47, 23
33, 47, 23
26, 48, 0
27, 48, 0
28, 48, 0
29, 48, 0
30, 48, 0
31, 48, 0
32, 48, 0
33, 48, 0
25, 48, 1
26, 48, 1
33, 48, 1
34, 48, 1
24, 48, 2
25, 48, 2
34, 48, 2
35, 48, 2
23, 48, 3
24, 48, 3
35, 48, 3
36, 48, 3
22, 48, 4
37, 48, 4
21, 48, 5
38, 48, 5
21, 48, 6
38, 48, 6
20, 48, 7
39, 48, 7
20, 48, 8
39, 48, 8
20, 48, 9
39, 48, 9
20, 48, 10
39, 48, 10
20, 48, 11
39, 48, 11
20, 48, 12
39, 48, 12
20, 48, 13
39, 48, 13
21, 48, 14
38, 48, 14
22, 48, 15
37, 48, 15
22, 48, 16
37, 48, 16
23, 48, 17
36, 48, 17
23, 48, 18
36, 48, 18
23, 48, 19
24, 48, 19
35, 48, 19
36, 48, 19
24, 48, 20
29, 48, 20
30, 48, 20
35, 48, 20
24, 48, 21
25, 48, 21
28, 48, 21
29, 48, 21
30, 48, 21
31, 48, 21
34, 48, 21
35, 48, 21
25, 48, 22
26, 48, 22
27, 48, 22
28, 48, 22
29, 48, 22
30, 48, 22
31, 48, 22
32, 48, 22
33, 48, 22
34, 48, 22
26, 48, 23
27, 48, 23
28, 48, 23
29, 48, 23
30, 48, 23
31, 48, 23
32, 48, 23
33, 48, 23
27, 49, 1
28, 49, 1
29, 49, 1
30, 49, 1
31, 49, 1
32, 49, 1
26, 49, 2
27, 49, 2
28, 49, 2
29, 49, 2
30, 49, 2
31, 49, 2
32, 49, 2
33, 49, 2
25, 49, 3
26, 49, 3
27, 49, 3
32, 49, 3
33, 49, 3
34, 49, 3
23, 49, 4
24, 49, 4
35, 49, 4
36, 49, 4
22, 49, 5
37, 49, 5
21, 49, 6
38, 49, 6
21, 49, 7
38, 49, 7
20, 49, 8
39, 49, 8
20, 49, 9
39, 49, 9
20, 49, 10
39, 49, 10
20, 49, 11
39, 49, 11
20, 49, 12
39, 49, 12
21, 49, 13
38, 49, 13
21, 49, 14
38, 49, 14
21, 49, 15
38, 49, 15
22, 49, 16
37, 49, 16
23, 49, 17
36, 49, 17
24, 49, 18
35, 49, 18
25, 49, 19
26, 49, 19
33, 49, 19
34, 49, 19
25, 49, 20
26, 49, 20
27, 49, 20
28, 49, 20
29, 49, 20
31, 49, 20
32, 49, 20
33, 49, 20
34, 49, 20
26, 49, 21
27, 49, 21
28, 49, 21
29, 49, 21
30, 49, 21
31, 49, 21
32, 49, 21
33, 49, 21
28, 49, 22
29, 49, 22
30, 49, 22
31, 49, 22
28, 50, 3
29, 50, 3
30, 50, 3
31, 50, 3
25, 50, 4
26, 50, 4
27, 50, 4
32, 50, 4
33, 50, 4
34, 50, 4
23, 50, 5
24, 50, 5
35, 50, 5
36, 50, 5
22, 50, 6
37, 50, 6
21, 50, 7
38, 50, 7
21, 50, 8
38, 50, 8
21, 50, 9
38, 50, 9
21, 50, 10
38, 50, 10
21, 50, 11
38, 50, 11
21, 50, 12
38, 50, 12
21, 50, 13
38, 50, 13
21, 50, 14
38, 50, 14
22, 50, 15
37, 50, 15
22, 50, 16
37, 50, 16
23, 50, 17
36, 50, 17
24, 50, 18
25, 50, 18
26, 50, 18
33, 50, 18
34, 50, 18
35, 50, 18
27, 50, 19
28, 50, 19
29, 50, 19
31, 50, 19
32, 50, 19
30, 50, 20
28, 51, 4
29, 51, 4
30, 51, 4
31, 51, 4
25, 51, 5
26, 51, 5
27, 51, 5
28, 51, 5
29, 51, 5
30, 51, 5
31, 51, 5
32, 51, 5
33, 51, 5
34, 51, 5
23, 51, 6
24, 51, 6
35, 51, 6
36, 51, 6
22, 51, 7
37, 51, 7
22, 51, 8
37, 51, 8
21, 51, 9
38, 51, 9
21, 51, 10
38, 51, 10
21, 51, 11
38, 51, 11
21, 51, 12
38, 51, 12
21, 51, 13
38, 51, 13
21, 51, 14
38, 51, 14
22, 51, 15
37, 51, 15
22, 51, 16
37, 51, 16
23, 51, 17
36, 51, 17
24, 51, 18
25, 51, 18
34, 51, 18
35, 51, 18
26, 51, 19
27, 51, 19
28, 51, 19
29, 51, 19
30, 51, 19
31, 51, 19
32, 51, 19
33, 51, 19
25, 52, 6
26, 52, 6
27, 52, 6
28, 52, 6
29, 52, 6
30, 52, 6
31, 52, 6
32, 52, 6
33, 52, 6
34, 52, 6
23, 52, 7
24, 52, 7
25, 52, 7
34, 52, 7
35, 52, 7
36, 52, 7
22, 52, 8
23, 52, 8
36, 52, 8
37, 52, 8
22, 52, 9
37, 52, 9
22, 52, 10
37, 52, 10
21, 52, 11
38, 52, 11
21, 52, 12
38, 52, 12
22, 52, 13
37, 52, 13
22, 52, 14
37, 52, 14
22, 52, 15
37, 52, 15
23, 52, 16
36, 52, 16
24, 52, 17
35, 52, 17
25, 52, 18
34, 52, 18
26, 52, 19
27, 52, 19
28, 52, 19
29, 52, 19
30, 52, 19
31, 52, 19
32, 52, 19
33, 52, 19
26, 53, 7
27, 53, 7
28, 53, 7
29, 53, 7
30, 53, 7
31, 53, 7
32, 53, 7
33, 53, 7
24, 53, 8
25, 53, 8
26, 53, 8
27, 53, 8
32, 53, 8
33, 53, 8
34, 53, 8
35, 53, 8
23, 53, 9
24, 53, 9
35, 53, 9
36, 53, 9
23, 53, 10
36, 53, 10
22, 53, 11
37, 53, 11
22, 53, 12
37, 53, 12
22, 53, 13
37, 53, 13
22, 53, 14
37, 53, 14
23, 53, 15
36, 53, 15
23, 53, 16
36, 53, 16
24, 53, 17
35, 53, 17
25, 53, 18
26, 53, 18
33, 53, 18
34, 53, 18
27, 53, 19
28, 53, 19
29, 53, 19
30, 53, 19
31, 53, 19
32, 53, 19
28, 54, 8
29, 54, 8
30, 54, 8
31, 54, 8
25, 54, 9
26, 54, 9
27, 54, 9
28, 54, 9
29, 54, 9
30, 54, 9
31, 54, 9
32, 54, 9
33, 54, 9
34, 54, 9
24, 54, 10
25, 54, 10
34, 54, 10
35, 54, 10
23, 54, 11
24, 54, 11
35, 54, 11
36, 54, 11
23, 54, 12
24, 54, 12
35, 54, 12
36, 54, 12
23, 54, 13
36, 54, 13
23, 54, 14
36, 54, 14
24, 54, 15
35, 54, 15
24, 54, 16
35, 54, 16
25, 54, 17
34, 54, 17
26, 54, 18
33, 54, 18
27, 54, 19
28, 54, 19
29, 54, 19
30, 54, 19
31, 54, 19
32, 54, 19
26, 55, 10
27, 55, 10
28, 55, 10
29, 55, 10
30, 55, 10
31, 55, 10
32, 55, 10
33, 55, 10
25, 55, 11
26, 55, 11
27, 55, 11
28, 55, 11
29, 55, 11
30, 55, 11
31, 55, 11
32, 55, 11
33, 55, 11
34, 55, 11
25, 55, 12
26, 55, 12
27, 55, 12
32, 55, 12
33, 55, 12
34, 55, 12
24, 55, 13
25, 55, 13
34, 55, 13
35, 55, 13
24, 55, 14
25, 55, 14
34, 55, 14
35, 55, 14
25, 55, 15
34, 55, 15
25, 55, 16
34, 55, 16
26, 55, 17
33, 55, 17
27, 55, 18
28, 55, 18
29, 55, 18
31, 55, 18
32, 55, 18
30, 55, 19
28, 56, 12
29, 56, 12
30, 56, 12
31, 56, 12
26, 56, 13
27, 56, 13
28, 56, 13
29, 56, 13
30, 56, 13
31, 56, 13
32, 56, 13
33, 56, 13
26, 56, 14
27, 56, 14
28, 56, 14
29, 56, 14
30, 56, 14
31, 56, 14
32, 56, 14
33, 56, 14
26, 56, 15
27, 56, 15
28, 56, 15
29, 56, 15
30, 56, 15
31, 56, 15
32, 56, 15
33, 56, 15
26, 56, 16
27, 56, 16
28, 56, 16
29, 56, 16
30, 56, 16
31, 56, 16
32, 56, 16
33, 56, 16
27, 56, 17
28, 56, 17
29, 56, 17
30, 56, 17
31, 56, 17
32, 56, 17
29, 56, 18
30, 56, 18