34, 0, 7
35, 0, 7
36, 0, 7
37, 0, 7
38, 0, 7
39, 0, 7
46, 0, 7
47, 0, 7
48, 0, 7
49, 0, 7
50, 0, 7
51, 0, 7
33, 0, 8
34, 0, 8
35, 0, 8
36, 0, 8
37, 0, 8
38, 0, 8
39, 0, 8
40, 0, 8
45, 0, 8
46, 0, 8
47, 0, 8
48, 0, 8
49, 0, 8
50, 0, 8
51, 0, 8
52, 0, 8
33, 0, 9
34, 0, 9
35, 0, 9
36, 0, 9
37, 0, 9
38, 0, 9
39, 0, 9
40, 0, 9
45, 0, 9
46, 0, 9
47, 0, 9
48, 0, 9
49, 0, 9
50, 0, 9
51, 0, 9
52, 0, 9
32, 0, 10
33, 0, 10
34, 0, 10
35, 0, 10
36, 0, 10
37, 0, 10
38, 0, 10
39, 0, 10
40, 0, 10
45, 0, 10
46, 0, 10
47, 0, 10
48, 0, 10
49, 0, 10
50, 0, 10
51, 0, 10
52, 0, 10
53, 0, 10
32, 0, 11
33, 0, 11
34, 0, 11
35, 0, 11
36, 0, 11
37, 0, 11
38, 0, 11
39, 0, 11
40, 0, 11
45, 0, 11
46, 0, 11
47, 0, 11
48, 0, 11
49, 0, 11
50, 0, 11
51, 0, 11
52, 0, 11
53, 0, 11
32, 0, 12
33, 0, 12
34, 0, 12
35, 0, 12
36, 0, 12
37, 0, 12
38, 0, 12
39, 0, 12
40, 0, 12
45, 0, 12
46, 0, 12
47, 0, 12
48, 0, 12
49, 0, 12
50, 0, 12
51, 0, 12
52, 0, 12
53, 0, 12
32, 0, 13
33, 0, 13
34, 0, 13
35, 0, 13
36, 0, 13
37, 0, 13
38, 0, 13
39, 0, 13
40, 0, 13
45, 0, 13
46, 0, 13
47, 0, 13
48, 0, 13
49, 0, 13
50, 0, 13
51, 0, 13
52, 0, 13
53, 0, 13
31, 0, 14
32, 0, 14
46, 0, 14
47, 0, 14
48, 0, 14
49, 0, 14
50, 0, 14
51, 0, 14
52, 0, 14
53, 0, 14
54, 0, 14
31, 0, 15
32, 0, 15
33, 0, 15
34, 0, 15
35, 0, 15
36, 0, 15
37, 0, 15
38, 0, 15
39, 0, 15
40, 0, 15
41, 0, 15
44, 0, 15
45, 0, 15
46, 0, 15
47, 0, 15
48, 0, 15
49, 0, 15
50, 0, 15
51, 0, 15
52, 0, 15
53, 0, 15
54, 0, 15
31, 0, 16
32, 0, 16
33, 0, 16
34, 0, 16
35, 0, 16
36, 0, 16
37, 0, 16
38, 0, 16
39, 0, 16
40, 0, 16
41, 0, 16
44, 0, 16
45, 0, 16
46, 0, 16
47, 0, 16
48, 0, 16
49, 0, 16
50, 0, 16
51, 0, 16
52, 0, 16
53, 0, 16
54, 0, 16
31, 0, 17
32, 0, 17
33, 0, 17
34, 0, 17
35, 0, 17
36, 0, 17
37, 0, 17
38, 0, 17
39, 0, 17
40, 0, 17
41, 0, 17
44, 0, 17
45, 0, 17
46, 0, 17
47, 0, 17
48, 0, 17
49, 0, 17
50, 0, 17
51, 0, 17
52, 0, 17
53, 0, 17
54, 0, 17
30, 0, 18
31, 0, 18
32, 0, 18
33, 0, 18
34, 0, 18
35, 0, 18
36, 0, 18
37, 0, 18
38, 0, 18
39, 0, 18
40, 0, 18
41, 0, 18
44, 0, 18
45, 0, 18
46, 0, 18
47, 0, 18
48, 0, 18
49, 0, 18
50, 0, 18
51, 0, 18
52, 0, 18
53, 0, 18
54, 0, 18
30, 0, 19
31, 0, 19
32, 0, 19
33, 0, 19
34, 0, 19
35, 0, 19
36, 0, 19
37, 0, 19
38, 0, 19
39, 0, 19
40, 0, 19
41, 0, 19
42, 0, 19
43, 0, 19
44, 0, 19
45, 0, 19
46, 0, 19
47, 0, 19
48, 0, 19
49, 0, 19
50, 0, 19
51, 0, 19
52, 0, 19
53, 0, 19
54, 0, 19
55, 0, 19
30, 0, 20
31, 0, 20
32, 0, 20
33, 0, 20
34, 0, 20
35, 0, 20
36, 0, 20
37, 0, 20
38, 0, 20
39, 0, 20
40, 0, 20
41, 0, 20
42, 0, 20
43, 0, 20
44, 0, 20
45, 0, 20
46, 0, 20
47, 0, 20
48, 0, 20
49, 0, 20
50, 0, 20
51, 0, 20
52, 0, 20
53, 0, 20
54, 0, 20
55, 0, 20
30, 0, 21
31, 0, 21
32, 0, 21
33, 0, 21
34, 0, 21
35, 0, 21
36, 0, 21
37, 0, 21
38, 0, 21
39, 0, 21
40, 0, 21
41, 0, 21
42, 0, 21
43, 0, 21
44, 0, 21
45, 0, 21
46, 0, 21
47, 0, 21
48, 0, 21
49, 0, 21
50, 0, 21
51, 0, 21
52, 0, 21
53, 0, 21
54, 0, 21
55, 0, 21
30, 0, 22
31, 0, 22
32, 0, 22
33, 0, 22
34, 0, 22
35, 0, 22
36, 0, 22
37, 0, 22
38, 0, 22
39, 0, 22
40, 0, 22
41, 0, 22
42, 0, 22
43, 0, 22
44, 0, 22
45, 0, 22
46, 0, 22
47, 0, 22
48, 0, 22
49, 0, 22
50, 0, 22
51, 0, 22
52, 0, 22
53, 0, 22
54, 0, 22
55, 0, 22
31, 0, 23
32, 0, 23
33, 0, 23
34, 0, 23
35, 0, 23
36, 0, 23
37, 0, 23
38, 0, 23
39, 0, 23
40, 0, 23
41, 0, 23
43, 0, 23
44, 0, 23
45, 0, 23
46, 0, 23
47, 0, 23
48, 0, 23
49, 0, 23
50, 0, 23
51, 0, 23
52, 0, 23
53, 0, 23
54, 0, 23
31, 0, 24
32, 0, 24
33, 0, 24
34, 0, 24
35, 0, 24
36, 0, 24
37, 0, 24
38, 0, 24
39, 0, 24
40, 0, 24
41, 0, 24
44, 0, 24
45, 0, 24
46, 0, 24
47, 0, 24
48, 0, 24
49, 0, 24
50, 0, 24
51, 0, 24
52, 0, 24
53, 0, 24
54, 0, 24
32, 0, 25
33, 0, 25
34, 0, 25
35, 0, 25
36, 0, 25
37, 0, 25
38, 0, 25
39, 0, 25
40, 0, 25
41, 0, 25
44, 0, 25
45, 0, 25
46, 0, 25
47, 0, 25
48, 0, 25
49, 0, 25
50, 0, 25
51, 0, 25
52, 0, 25
53, 0, 25
33, 0, 26
34, 0, 26
35, 0, 26
36, 0, 26
37, 0, 26
38, 0, 26
39, 0, 26
40, 0, 26
45, 0, 26
46, 0, 26
47, 0, 26
48, 0, 26
49, 0, 26
50, 0, 26
51, 0, 26
52, 0, 26
34, 0, 27
35, 0, 27
36, 0, 27
37, 0, 27
38, 0, 27
47, 0, 27
48, 0, 27
49, 0, 27
50, 0, 27
51, 0, 27
36, 1, 6
49, 1, 6
34, 1, 7
35, 1, 7
37, 1, 7
38, 1, 7
39, 1, 7
46, 1, 7
47, 1, 7
48, 1, 7
50, 1, 7
51, 1, 7
33, 1, 8
40, 1, 8
45, 1, 8
52, 1, 8
32, 1, 9
41, 1, 9
45, 1, 9
53, 1, 9
32, 1, 10
41, 1, 10
44, 1, 10
53, 1, 10
32, 1, 11
41, 1, 11
44, 1, 11
53, 1, 11
31, 1, 12
41, 1, 12
44, 1, 12
54, 1, 12
31, 1, 13
41, 1, 13
44, 1, 13
54, 1, 13
31, 1, 14
33, 1, 14
34, 1, 14
35, 1, 14
36, 1, 14
37, 1, 14
38, 1, 14
39, 1, 14
40, 1, 14
41, 1, 14
44, 1, 14
45, 1, 14
54, 1, 14
31, 1, 15
41, 1, 15
44, 1, 15
54, 1, 15
30, 1, 16
42, 1, 16
43, 1, 16
55, 1, 16
30, 1, 17
42, 1, 17
43, 1, 17
55, 1, 17
30, 1, 18
42, 1, 18
43, 1, 18
55, 1, 18
30, 1, 19
55, 1, 19
30, 1, 20
55, 1, 20
30, 1, 21
55, 1, 21
30, 1, 22
55, 1, 22
30, 1, 23
42, 1, 23
55, 1, 23
31, 1, 24
42, 1, 24
43, 1, 24
54, 1, 24
31, 1, 25
41, 1, 25
44, 1, 25
54, 1, 25
32, 1, 26
40, 1, 26
45, 1, 26
52, 1, 26
53, 1, 26
33, 1, 27
34, 1, 27
35, 1, 27
36, 1, 27
37, 1, 27
38, 1, 27
39, 1, 27
46, 1, 27
47, 1, 27
48, 1, 27
49, 1, 27
50, 1, 27
51, 1, 27
34, 2, 6
35, 2, 6
36, 2, 6
37, 2, 6
38, 2, 6
39, 2, 6
46, 2, 6
47, 2, 6
48, 2, 6
49, 2, 6
50, 2, 6
51, 2, 6
33, 2, 7
40, 2, 7
45, 2, 7
52, 2, 7
32, 2, 8
41, 2, 8
45, 2, 8
53, 2, 8
32, 2, 9
41, 2, 9
44, 2, 9
54, 2, 9
31, 2, 10
41, 2, 10
44, 2, 10
54, 2, 10
31, 2, 11
41, 2, 11
44, 2, 11
54, 2, 11
31, 2, 12
41, 2, 12
44, 2, 12
54, 2, 12
30, 2, 13
41, 2, 13
44, 2, 13
55, 2, 13
30, 2, 14
41, 2, 14
44, 2, 14
55, 2, 14
30, 2, 15
42, 2, 15
43, 2, 15
55, 2, 15
30, 2, 16
55, 2, 16
29, 2, 17
56, 2, 17
29, 2, 18
56, 2, 18
29, 2, 19
56, 2, 19
29, 2, 20
56, 2, 20
29, 2, 21
56, 2, 21
29, 2, 22
56, 2, 22
30, 2, 23
55, 2, 23
30, 2, 24
55, 2, 24
31, 2, 25
42, 2, 25
43, 2, 25
54, 2, 25
31, 2, 26
41, 2, 26
44, 2, 26
54, 2, 26
32, 2, 27
33, 2, 27
39, 2, 27
40, 2, 27
45, 2, 27
46, 2, 27
52, 2, 27
53, 2, 27
34, 2, 28
35, 2, 28
36, 2, 28
37, 2, 28
38, 2, 28
47, 2, 28
48, 2, 28
49, 2, 28
50, 2, 28
51, 2, 28
52, 2, 28
34, 3, 6
35, 3, 6
36, 3, 6
37, 3, 6
38, 3, 6
39, 3, 6
46, 3, 6
47, 3, 6
48, 3, 6
49, 3, 6
50, 3, 6
51, 3, 6
33, 3, 7
40, 3, 7
45, 3, 7
52, 3, 7
32, 3, 8
41, 3, 8
44, 3, 8
53, 3, 8
32, 3, 9
41, 3, 9
44, 3, 9
54, 3, 9
31, 3, 10
41, 3, 10
44, 3, 10
54, 3, 10
31, 3, 11
41, 3, 11
44, 3, 11
54, 3, 11
31, 3, 12
41, 3, 12
44, 3, 12
54, 3, 12
31, 3, 13
41, 3, 13
44, 3, 13
55, 3, 13
30, 3, 14
41, 3, 14
44, 3, 14
55, 3, 14
30, 3, 15
42, 3, 15
43, 3, 15
55, 3, 15
30, 3, 16
55, 3, 16
29, 3, 17
55, 3, 17
29, 3, 18
56, 3, 18
29, 3, 19
56, 3, 19
29, 3, 20
56, 3, 20
29, 3, 21
56, 3, 21
29, 3, 22
56, 3, 22
30, 3, 23
55, 3, 23
30, 3, 24
55, 3, 24
31, 3, 25
42, 3, 25
43, 3, 25
54, 3, 25
31, 3, 26
41, 3, 26
44, 3, 26
54, 3, 26
32, 3, 27
40, 3, 27
45, 3, 27
53, 3, 27
33, 3, 28
34, 3, 28
35, 3, 28
36, 3, 28
37, 3, 28
38, 3, 28
39, 3, 28
46, 3, 28
47, 3, 28
48, 3, 28
49, 3, 28
50, 3, 28
51, 3, 28
52, 3, 28
34, 4, 6
35, 4, 6
36, 4, 6
37, 4, 6
38, 4, 6
39, 4, 6
46, 4, 6
47, 4, 6
48, 4, 6
49, 4, 6
50, 4, 6
51, 4, 6
33, 4, 7
40, 4, 7
46, 4, 7
52, 4, 7
33, 4, 8
40, 4, 8
45, 4, 8
53, 4, 8
32, 4, 9
41, 4, 9
44, 4, 9
53, 4, 9
31, 4, 10
41, 4, 10
44, 4, 10
54, 4, 10
31, 4, 11
41, 4, 11
44, 4, 11
54, 4, 11
31, 4, 12
41, 4, 12
44, 4, 12
54, 4, 12
31, 4, 13
41, 4, 13
44, 4, 13
54, 4, 13
30, 4, 14
41, 4, 14
44, 4, 14
55, 4, 14
30, 4, 15
42, 4, 15
43, 4, 15
55, 4, 15
30, 4, 16
55, 4, 16
30, 4, 17
55, 4, 17
30, 4, 18
56, 4, 18
29, 4, 19
56, 4, 19
29, 4, 20
56, 4, 20
29, 4, 21
56, 4, 21
29, 4, 22
56, 4, 22
30, 4, 23
55, 4, 23
30, 4, 24
55, 4, 24
31, 4, 25
42, 4, 25
43, 4, 25
54, 4, 25
31, 4, 26
41, 4, 26
44, 4, 26
54, 4, 26
32, 4, 27
33, 4, 27
40, 4, 27
45, 4, 27
52, 4, 27
53, 4, 27
34, 4, 28
35, 4, 28
36, 4, 28
37, 4, 28
38, 4, 28
39, 4, 28
46, 4, 28
47, 4, 28
48, 4, 28
49, 4, 28
50, 4, 28
51, 4, 28
35, 5, 6
36, 5, 6
37, 5, 6
38, 5, 6
47, 5, 6
48, 5, 6
49, 5, 6
50, 5, 6
34, 5, 7
39, 5, 7
46, 5, 7
51, 5, 7
52, 5, 7
33, 5, 8
40, 5, 8
45, 5, 8
52, 5, 8
32, 5, 9
41, 5, 9
44, 5, 9
53, 5, 9
32, 5, 10
41, 5, 10
44, 5, 10
53, 5, 10
31, 5, 11
41, 5, 11
44, 5, 11
54, 5, 11
31, 5, 12
41, 5, 12
44, 5, 12
54, 5, 12
31, 5, 13
41, 5, 13
44, 5, 13
54, 5, 13
31, 5, 14
41, 5, 14
44, 5, 14
55, 5, 14
30, 5, 15
42, 5, 15
44, 5, 15
55, 5, 15
30, 5, 16
43, 5, 16
55, 5, 16
30, 5, 17
55, 5, 17
30, 5, 18
55, 5, 18
30, 5, 19
56, 5, 19
29, 5, 20
56, 5, 20
29, 5, 21
56, 5, 21
30, 5, 22
55, 5, 22
30, 5, 23
55, 5, 23
31, 5, 24
55, 5, 24
31, 5, 25
42, 5, 25
43, 5, 25
54, 5, 25
31, 5, 26
41, 5, 26
44, 5, 26
54, 5, 26
32, 5, 27
33, 5, 27
40, 5, 27
45, 5, 27
46, 5, 27
52, 5, 27
53, 5, 27
34, 5, 28
35, 5, 28
36, 5, 28
37, 5, 28
38, 5, 28
39, 5, 28
47, 5, 28
48, 5, 28
49, 5, 28
50, 5, 28
51, 5, 28
36, 6, 6
37, 6, 6
48, 6, 6
49, 6, 6
33, 6, 7
34, 6, 7
35, 6, 7
38, 6, 7
39, 6, 7
40, 6, 7
45, 6, 7
46, 6, 7
47, 6, 7
50, 6, 7
51, 6, 7
52, 6, 7
32, 6, 8
41, 6, 8
44, 6, 8
53, 6, 8
32, 6, 9
41, 6, 9
44, 6, 9
53, 6, 9
31, 6, 10
42, 6, 10
43, 6, 10
54, 6, 10
31, 6, 11
42, 6, 11
43, 6, 11
54, 6, 11
31, 6, 12
42, 6, 12
43, 6, 12
54, 6, 12
31, 6, 13
41, 6, 13
44, 6, 13
54, 6, 13
31, 6, 14
41, 6, 14
44, 6, 14
54, 6, 14
31, 6, 15
41, 6, 15
44, 6, 15
54, 6, 15
30, 6, 16
42, 6, 16
43, 6, 16
55, 6, 16
30, 6, 17
55, 6, 17
30, 6, 18
55, 6, 18
30, 6, 19
55, 6, 19
30, 6, 20
55, 6, 20
30, 6, 21
55, 6, 21
30, 6, 22
55, 6, 22
30, 6, 23
42, 6, 23
43, 6, 23
55, 6, 23
31, 6, 24
42, 6, 24
43, 6, 24
54, 6, 24
31, 6, 25
41, 6, 25
44, 6, 25
54, 6, 25
32, 6, 26
41, 6, 26
44, 6, 26
53, 6, 26
33, 6, 27
34, 6, 27
39, 6, 27
40, 6, 27
45, 6, 27
46, 6, 27
51, 6, 27
52, 6, 27
35, 6, 28
36, 6, 28
37, 6, 28
38, 6, 28
47, 6, 28
48, 6, 28
49, 6, 28
50, 6, 28
36, 7, 6
37, 7, 6
48, 7, 6
49, 7, 6
33, 7, 7
34, 7, 7
35, 7, 7
38, 7, 7
39, 7, 7
40, 7, 7
45, 7, 7
46, 7, 7
47, 7, 7
50, 7, 7
51, 7, 7
52, 7, 7
32, 7, 8
41, 7, 8
44, 7, 8
53, 7, 8
32, 7, 9
41, 7, 9
44, 7, 9
53, 7, 9
31, 7, 10
42, 7, 10
43, 7, 10
54, 7, 10
31, 7, 11
54, 7, 11
31, 7, 12
54, 7, 12
31, 7, 13
42, 7, 13
43, 7, 13
54, 7, 13
31, 7, 14
42, 7, 14
43, 7, 14
54, 7, 14
30, 7, 15
42, 7, 15
43, 7, 15
55, 7, 15
31, 7, 16
54, 7, 16
31, 7, 17
55, 7, 17
30, 7, 18
55, 7, 18
30, 7, 19
42, 7, 19
43, 7, 19
55, 7, 19
30, 7, 20
42, 7, 20
43, 7, 20
55, 7, 20
30, 7, 21
42, 7, 21
43, 7, 21
55, 7, 21
31, 7, 22
42, 7, 22
43, 7, 22
55, 7, 22
31, 7, 23
41, 7, 23
44, 7, 23
54, 7, 23
31, 7, 24
41, 7, 24
44, 7, 24
54, 7, 24
32, 7, 25
41, 7, 25
44, 7, 25
53, 7, 25
33, 7, 26
39, 7, 26
40, 7, 26
45, 7, 26
46, 7, 26
52, 7, 26
34, 7, 27
35, 7, 27
36, 7, 27
37, 7, 27
38, 7, 27
47, 7, 27
48, 7, 27
49, 7, 27
50, 7, 27
51, 7, 27
36, 8, 6
37, 8, 6
48, 8, 6
49, 8, 6
34, 8, 7
35, 8, 7
38, 8, 7
39, 8, 7
46, 8, 7
47, 8, 7
50, 8, 7
51, 8, 7
32, 8, 8
33, 8, 8
40, 8, 8
41, 8, 8
44, 8, 8
45, 8, 8
52, 8, 8
53, 8, 8
32, 8, 9
41, 8, 9
44, 8, 9
53, 8, 9
31, 8, 10
42, 8, 10
43, 8, 10
54, 8, 10
31, 8, 11
54, 8, 11
31, 8, 12
54, 8, 12
31, 8, 13
54, 8, 13
31, 8, 14
54, 8, 14
30, 8, 15
55, 8, 15
31, 8, 16
54, 8, 16
31, 8, 17
54, 8, 17
31, 8, 18
42, 8, 18
43, 8, 18
54, 8, 18
31, 8, 19
41, 8, 19
44, 8, 19
54, 8, 19
31, 8, 20
41, 8, 20
44, 8, 20
54, 8, 20
31, 8, 21
41, 8, 21
44, 8, 21
54, 8, 21
31, 8, 22
41, 8, 22
44, 8, 22
54, 8, 22
32, 8, 23
40, 8, 23
41, 8, 23
44, 8, 23
45, 8, 23
53, 8, 23
54, 8, 23
32, 8, 24
33, 8, 24
39, 8, 24
40, 8, 24
41, 8, 24
45, 8, 24
46, 8, 24
52, 8, 24
53, 8, 24
33, 8, 25
34, 8, 25
35, 8, 25
36, 8, 25
37, 8, 25
38, 8, 25
39, 8, 25
40, 8, 25
45, 8, 25
46, 8, 25
47, 8, 25
48, 8, 25
49, 8, 25
50, 8, 25
51, 8, 25
52, 8, 25
34, 8, 26
35, 8, 26
36, 8, 26
37, 8, 26
38, 8, 26
47, 8, 26
48, 8, 26
49, 8, 26
50, 8, 26
51, 8, 26
36, 9, 6
37, 9, 6
48, 9, 6
49, 9, 6
34, 9, 7
35, 9, 7
38, 9, 7
39, 9, 7
46, 9, 7
47, 9, 7
50, 9, 7
51, 9, 7
32, 9, 8
33, 9, 8
40, 9, 8
41, 9, 8
44, 9, 8
45, 9, 8
52, 9, 8
53, 9, 8
32, 9, 9
41, 9, 9
44, 9, 9
53, 9, 9
31, 9, 10
42, 9, 10
43, 9, 10
54, 9, 10
31, 9, 11
54, 9, 11
31, 9, 12
54, 9, 12
31, 9, 13
54, 9, 13
31, 9, 14
54, 9, 14
31, 9, 15
54, 9, 15
31, 9, 16
54, 9, 16
31, 9, 17
42, 9, 17
43, 9, 17
54, 9, 17
31, 9, 18
41, 9, 18
44, 9, 18
54, 9, 18
32, 9, 19
41, 9, 19
44, 9, 19
53, 9, 19
32, 9, 20
40, 9, 20
45, 9, 20
53, 9, 20
32, 9, 21
33, 9, 21
40, 9, 21
45, 9, 21
52, 9, 21
53, 9, 21
32, 9, 22
33, 9, 22
34, 9, 22
35, 9, 22
38, 9, 22
39, 9, 22
40, 9, 22
45, 9, 22
46, 9, 22
47, 9, 22
50, 9, 22
51, 9, 22
52, 9, 22
53, 9, 22
33, 9, 23
34, 9, 23
35, 9, 23
36, 9, 23
37, 9, 23
38, 9, 23
39, 9, 23
46, 9, 23
47, 9, 23
48, 9, 23
49, 9, 23
50, 9, 23
51, 9, 23
52, 9, 23
34, 9, 24
35, 9, 24
36, 9, 24
37, 9, 24
38, 9, 24
47, 9, 24
48, 9, 24
49, 9, 24
50, 9, 24
51, 9, 24
34, 10, 7
35, 10, 7
36, 10, 7
37, 10, 7
38, 10, 7
47, 10, 7
48, 10, 7
49, 10, 7
50, 10, 7
51, 10, 7
33, 10, 8
39, 10, 8
40, 10, 8
45, 10, 8
46, 10, 8
52, 10, 8
32, 10, 9
41, 10, 9
44, 10, 9
53, 10, 9
32, 10, 10
42, 10, 10
43, 10, 10
53, 10, 10
31, 10, 11
54, 10, 11
31, 10, 12
54, 10, 12
31, 10, 13
54, 10, 13
31, 10, 14
54, 10, 14
31, 10, 15
54, 10, 15
31, 10, 16
54, 10, 16
31, 10, 17
42, 10, 17
43, 10, 17
54, 10, 17
32, 10, 18
41, 10, 18
44, 10, 18
53, 10, 18
32, 10, 19
41, 10, 19
44, 10, 19
53, 10, 19
33, 10, 20
40, 10, 20
45, 10, 20
52, 10, 20
34, 10, 21
35, 10, 21
38, 10, 21
39, 10, 21
46, 10, 21
47, 10, 21
50, 10, 21
51, 10, 21
36, 10, 22
37, 10, 22
48, 10, 22
49, 10, 22
36, 11, 7
37, 11, 7
48, 11, 7
49, 11, 7
33, 11, 8
34, 11, 8
35, 11, 8
38, 11, 8
39, 11, 8
40, 11, 8
45, 11, 8
46, 11, 8
47, 11, 8
50, 11, 8
51, 11, 8
52, 11, 8
33, 11, 9
41, 11, 9
44, 11, 9
52, 11, 9
32, 11, 10
41, 11, 10
44, 11, 10
53, 11, 10
32, 11, 11
42, 11, 11
43, 11, 11
53, 11, 11
31, 11, 12
42, 11, 12
43, 11, 12
54, 11, 12
31, 11, 13
54, 11, 13
31, 11, 14
54, 11, 14
31, 11, 15
54, 11, 15
31, 11, 16
42, 11, 16
43, 11, 16
54, 11, 16
32, 11, 17
41, 11, 17
44, 11, 17
53, 11, 17
32, 11, 18
41, 11, 18
44, 11, 18
53, 11, 18
33, 11, 19
40, 11, 19
45, 11, 19
52, 11, 19
34, 11, 20
35, 11, 20
39, 11, 20
46, 11, 20
50, 11, 20
51, 11, 20
36, 11, 21
37, 11, 21
38, 11, 21
47, 11, 21
48, 11, 21
49, 11, 21
34, 12, 8
35, 12, 8
36, 12, 8
37, 12, 8
38, 12, 8
39, 12, 8
46, 12, 8
47, 12, 8
48, 12, 8
49, 12, 8
50, 12, 8
51, 12, 8
33, 12, 9
40, 12, 9
45, 12, 9
52, 12, 9
32, 12, 10
41, 12, 10
44, 12, 10
53, 12, 10
32, 12, 11
41, 12, 11
44, 12, 11
53, 12, 11
32, 12, 12
41, 12, 12
44, 12, 12
53, 12, 12
32, 12, 13
42, 12, 13
43, 12, 13
53, 12, 13
32, 12, 14
53, 12, 14
32, 12, 15
42, 12, 15
43, 12, 15
53, 12, 15
32, 12, 16
41, 12, 16
44, 12, 16
53, 12, 16
32, 12, 17
41, 12, 17
44, 12, 17
53, 12, 17
32, 12, 18
41, 12, 18
44, 12, 18
53, 12, 18
33, 12, 19
40, 12, 19
45, 12, 19
52, 12, 19
34, 12, 20
35, 12, 20
36, 12, 20
37, 12, 20
38, 12, 20
39, 12, 20
46, 12, 20
47, 12, 20
48, 12, 20
49, 12, 20
50, 12, 20
51, 12, 20
34, 13, 8
35, 13, 8
36, 13, 8
37, 13, 8
38, 13, 8
39, 13, 8
46, 13, 8
47, 13, 8
48, 13, 8
49, 13, 8
50, 13, 8
51, 13, 8
33, 13, 9
40, 13, 9
45, 13, 9
52, 13, 9
33, 13, 10
41, 13, 10
44, 13, 10
52, 13, 10
32, 13, 11
41, 13, 11
44, 13, 11
53, 13, 11
32, 13, 12
41, 13, 12
44, 13, 12
53, 13, 12
32, 13, 13
42, 13, 13
43, 13, 13
53, 13, 13
32, 13, 14
53, 13, 14
32, 13, 15
42, 13, 15
43, 13, 15
53, 13, 15
32, 13, 16
41, 13, 16
44, 13, 16
53, 13, 16
32, 13, 17
41, 13, 17
44, 13, 17
53, 13, 17
33, 13, 18
41, 13, 18
44, 13, 18
52, 13, 18
34, 13, 19
39, 13, 19
40, 13, 19
45, 13, 19
46, 13, 19
51, 13, 19
35, 13, 20
36, 13, 20
37, 13, 20
38, 13, 20
47, 13, 20
48, 13, 20
49, 13, 20
50, 13, 20
35, 14, 8
36, 14, 8
37, 14, 8
38, 14, 8
47, 14, 8
48, 14, 8
49, 14, 8
50, 14, 8
34, 14, 9
39, 14, 9
40, 14, 9
45, 14, 9
46, 14, 9
51, 14, 9
33, 14, 10
41, 14, 10
44, 14, 10
52, 14, 10
32, 14, 11
41, 14, 11
44, 14, 11
53, 14, 11
32, 14, 12
41, 14, 12
44, 14, 12
53, 14, 12
32, 14, 13
42, 14, 13
43, 14, 13
53, 14, 13
32, 14, 14
53, 14, 14
32, 14, 15
42, 14, 15
43, 14, 15
53, 14, 15
32, 14, 16
41, 14, 16
44, 14, 16
53, 14, 16
32, 14, 17
41, 14, 17
44, 14, 17
53, 14, 17
33, 14, 18
41, 14, 18
44, 14, 18
52, 14, 18
34, 14, 19
39, 14, 19
40, 14, 19
45, 14, 19
46, 14, 19
51, 14, 19
35, 14, 20
36, 14, 20
37, 14, 20
38, 14, 20
47, 14, 20
48, 14, 20
49, 14, 20
50, 14, 20
34, 15, 9
35, 15, 9
36, 15, 9
37, 15, 9
38, 15, 9
39, 15, 9
40, 15, 9
45, 15, 9
46, 15, 9
47, 15, 9
48, 15, 9
49, 15, 9
50, 15, 9
51, 15, 9
33, 15, 10
40, 15, 10
45, 15, 10
52, 15, 10
32, 15, 11
41, 15, 11
44, 15, 11
53, 15, 11
32, 15, 12
41, 15, 12
44, 15, 12
53, 15, 12
32, 15, 13
41, 15, 13
44, 15, 13
53, 15, 13
32, 15, 14
42, 15, 14
43, 15, 14
53, 15, 14
32, 15, 15
42, 15, 15
43, 15, 15
53, 15, 15
32, 15, 16
41, 15, 16
44, 15, 16
53, 15, 16
32, 15, 17
41, 15, 17
44, 15, 17
53, 15, 17
33, 15, 18
41, 15, 18
44, 15, 18
52, 15, 18
34, 15, 19
35, 15, 19
39, 15, 19
40, 15, 19
45, 15, 19
46, 15, 19
50, 15, 19
51, 15, 19
36, 15, 20
37, 15, 20
38, 15, 20
47, 15, 20
48, 15, 20
49, 15, 20
34, 16, 9
35, 16, 9
36, 16, 9
37, 16, 9
38, 16, 9
39, 16, 9
46, 16, 9
47, 16, 9
48, 16, 9
49, 16, 9
50, 16, 9
51, 16, 9
33, 16, 10
40, 16, 10
45, 16, 10
52, 16, 10
32, 16, 11
41, 16, 11
44, 16, 11
53, 16, 11
32, 16, 12
42, 16, 12
43, 16, 12
53, 16, 12
32, 16, 13
42, 16, 13
43, 16, 13
53, 16, 13
32, 16, 14
53, 16, 14
32, 16, 15
53, 16, 15
32, 16, 16
42, 16, 16
43, 16, 16
53, 16, 16
32, 16, 17
41, 16, 17
44, 16, 17
53, 16, 17
33, 16, 18
41, 16, 18
44, 16, 18
52, 16, 18
34, 16, 19
35, 16, 19
39, 16, 19
40, 16, 19
45, 16, 19
46, 16, 19
50, 16, 19
51, 16, 19
36, 16, 20
37, 16, 20
38, 16, 20
47, 16, 20
48, 16, 20
49, 16, 20
34, 17, 8
35, 17, 8
36, 17, 8
37, 17, 8
38, 17, 8
39, 17, 8
46, 17, 8
47, 17, 8
48, 17, 8
49, 17, 8
50, 17, 8
51, 17, 8
34, 17, 9
40, 17, 9
45, 17, 9
51, 17, 9
33, 17, 10
41, 17, 10
44, 17, 10
52, 17, 10
32, 17, 11
41, 17, 11
44, 17, 11
53, 17, 11
32, 17, 12
42, 17, 12
43, 17, 12
53, 17, 12
32, 17, 13
53, 17, 13
32, 17, 14
53, 17, 14
32, 17, 15
53, 17, 15
32, 17, 16
42, 17, 16
43, 17, 16
53, 17, 16
32, 17, 17
41, 17, 17
44, 17, 17
53, 17, 17
33, 17, 18
41, 17, 18
44, 17, 18
52, 17, 18
34, 17, 19
35, 17, 19
38, 17, 19
39, 17, 19
40, 17, 19
45, 17, 19
46, 17, 19
47, 17, 19
50, 17, 19
51, 17, 19
36, 17, 20
37, 17, 20
48, 17, 20
49, 17, 20
34, 18, 8
35, 18, 8
36, 18, 8
37, 18, 8
38, 18, 8
39, 18, 8
46, 18, 8
47, 18, 8
48, 18, 8
49, 18, 8
50, 18, 8
51, 18, 8
34, 18, 9
40, 18, 9
45, 18, 9
51, 18, 9
33, 18, 10
41, 18, 10
44, 18, 10
52, 18, 10
32, 18, 11
41, 18, 11
44, 18, 11
53, 18, 11
32, 18, 12
42, 18, 12
43, 18, 12
53, 18, 12
32, 18, 13
53, 18, 13
32, 18, 14
53, 18, 14
32, 18, 15
53, 18, 15
32, 18, 16
42, 18, 16
43, 18, 16
53, 18, 16
32, 18, 17
41, 18, 17
44, 18, 17
53, 18, 17
33, 18, 18
41, 18, 18
44, 18, 18
52, 18, 18
34, 18, 19
35, 18, 19
39, 18, 19
40, 18, 19
45, 18, 19
46, 18, 19
50, 18, 19
51, 18, 19
36, 18, 20
37, 18, 20
38, 18, 20
47, 18, 20
48, 18, 20
49, 18, 20
35, 19, 8
36, 19, 8
37, 19, 8
38, 19, 8
47, 19, 8
48, 19, 8
49, 19, 8
50, 19, 8
34, 19, 9
39, 19, 9
40, 19, 9
45, 19, 9
46, 19, 9
51, 19, 9
33, 19, 10
40, 19, 10
45, 19, 10
52, 19, 10
33, 19, 11
41, 19, 11
44, 19, 11
52, 19, 11
32, 19, 12
42, 19, 12
43, 19, 12
53, 19, 12
32, 19, 13
53, 19, 13
32, 19, 14
53, 19, 14
32, 19, 15
53, 19, 15
32, 19, 16
42, 19, 16
43, 19, 16
53, 19, 16
32, 19, 17
41, 19, 17
44, 19, 17
53, 19, 17
33, 19, 18
41, 19, 18
44, 19, 18
52, 19, 18
34, 19, 19
39, 19, 19
40, 19, 19
45, 19, 19
46, 19, 19
51, 19, 19
35, 19, 20
36, 19, 20
37, 19, 20
38, 19, 20
47, 19, 20
48, 19, 20
49, 19, 20
50, 19, 20
34, 20, 9
35, 20, 9
36, 20, 9
37, 20, 9
38, 20, 9
39, 20, 9
40, 20, 9
45, 20, 9
46, 20, 9
47, 20, 9
48, 20, 9
49, 20, 9
50, 20, 9
51, 20, 9
33, 20, 10
40, 20, 10
45, 20, 10
52, 20, 10
33, 20, 11
41, 20, 11
44, 20, 11
52, 20, 11
32, 20, 12
42, 20, 12
43, 20, 12
53, 20, 12
32, 20, 13
53, 20, 13
32, 20, 14
53, 20, 14
32, 20, 15
53, 20, 15
32, 20, 16
42, 20, 16
43, 20, 16
53, 20, 16
33, 20, 17
41, 20, 17
44, 20, 17
52, 20, 17
33, 20, 18
41, 20, 18
44, 20, 18
52, 20, 18
34, 20, 19
35, 20, 19
39, 20, 19
40, 20, 19
45, 20, 19
46, 20, 19
50, 20, 19
51, 20, 19
36, 20, 20
37, 20, 20
38, 20, 20
47, 20, 20
48, 20, 20
49, 20, 20
34, 21, 9
35, 21, 9
36, 21, 9
37, 21, 9
38, 21, 9
39, 21, 9
40, 21, 9
45, 21, 9
46, 21, 9
47, 21, 9
48, 21, 9
49, 21, 9
50, 21, 9
51, 21, 9
33, 21, 10
40, 21, 10
45, 21, 10
52, 21, 10
33, 21, 11
41, 21, 11
44, 21, 11
52, 21, 11
32, 21, 12
42, 21, 12
43, 21, 12
53, 21, 12
32, 21, 13
53, 21, 13
32, 21, 14
53, 21, 14
32, 21, 15
53, 21, 15
32, 21, 16
42, 21, 16
43, 21, 16
53, 21, 16
33, 21, 17
41, 21, 17
44, 21, 17
52, 21, 17
33, 21, 18
41, 21, 18
44, 21, 18
52, 21, 18
34, 21, 19
35, 21, 19
40, 21, 19
45, 21, 19
50, 21, 19
51, 21, 19
36, 21, 20
37, 21, 20
38, 21, 20
39, 21, 20
46, 21, 20
47, 21, 20
48, 21, 20
49, 21, 20
34, 22, 9
35, 22, 9
36, 22, 9
37, 22, 9
38, 22, 9
39, 22, 9
40, 22, 9
45, 22, 9
46, 22, 9
47, 22, 9
48, 22, 9
49, 22, 9
50, 22, 9
51, 22, 9
33, 22, 10
40, 22, 10
45, 22, 10
52, 22, 10
33, 22, 11
41, 22, 11
44, 22, 11
52, 22, 11
32, 22, 12
42, 22, 12
43, 22, 12
53, 22, 12
32, 22, 13
53, 22, 13
32, 22, 14
53, 22, 14
32, 22, 15
53, 22, 15
32, 22, 16
53, 22, 16
33, 22, 17
42, 22, 17
43, 22, 17
52, 22, 17
33, 22, 18
41, 22, 18
44, 22, 18
52, 22, 18
34, 22, 19
40, 22, 19
41, 22, 19
44, 22, 19
45, 22, 19
51, 22, 19
35, 22, 20
36, 22, 20
37, 22, 20
38, 22, 20
39, 22, 20
46, 22, 20
47, 22, 20
48, 22, 20
49, 22, 20
50, 22, 20
34, 23, 9
35, 23, 9
36, 23, 9
37, 23, 9
38, 23, 9
39, 23, 9
40, 23, 9
45, 23, 9
46, 23, 9
47, 23, 9
48, 23, 9
49, 23, 9
50, 23, 9
51, 23, 9
33, 23, 10
41, 23, 10
44, 23, 10
52, 23, 10
33, 23, 11
41, 23, 11
44, 23, 11
52, 23, 11
32, 23, 12
42, 23, 12
43, 23, 12
53, 23, 12
32, 23, 13
53, 23, 13
32, 23, 14
53, 23, 14
32, 23, 15
53, 23, 15
32, 23, 16
53, 23, 16
32, 23, 17
42, 23, 17
43, 23, 17
53, 23, 17
33, 23, 18
41, 23, 18
44, 23, 18
52, 23, 18
33, 23, 19
34, 23, 19
40, 23, 19
41, 23, 19
44, 23, 19
45, 23, 19
51, 23, 19
52, 23, 19
35, 23, 20
36, 23, 20
37, 23, 20
38, 23, 20
39, 23, 20
46, 23, 20
47, 23, 20
48, 23, 20
49, 23, 20
50, 23, 20
36, 24, 8
37, 24, 8
38, 24, 8
39, 24, 8
40, 24, 8
45, 24, 8
46, 24, 8
47, 24, 8
48, 24, 8
49, 24, 8
34, 24, 9
35, 24, 9
41, 24, 9
44, 24, 9
50, 24, 9
51, 24, 9
33, 24, 10
42, 24, 10
43, 24, 10
52, 24, 10
33, 24, 11
42, 24, 11
43, 24, 11
52, 24, 11
32, 24, 12
53, 24, 12
32, 24, 13
53, 24, 13
32, 24, 14
53, 24, 14
32, 24, 15
53, 24, 15
32, 24, 16
53, 24, 16
32, 24, 17
53, 24, 17
33, 24, 18
42, 24, 18
43, 24, 18
52, 24, 18
33, 24, 19
42, 24, 19
43, 24, 19
52, 24, 19
34, 24, 20
35, 24, 20
40, 24, 20
41, 24, 20
42, 24, 20
43, 24, 20
44, 24, 20
45, 24, 20
50, 24, 20
51, 24, 20
36, 24, 21
37, 24, 21
38, 24, 21
39, 24, 21
40, 24, 21
41, 24, 21
42, 24, 21
43, 24, 21
44, 24, 21
45, 24, 21
46, 24, 21
47, 24, 21
48, 24, 21
49, 24, 21
36, 25, 7
37, 25, 7
38, 25, 7
39, 25, 7
40, 25, 7
41, 25, 7
42, 25, 7
43, 25, 7
44, 25, 7
45, 25, 7
46, 25, 7
47, 25, 7
48, 25, 7
49, 25, 7
34, 25, 8
35, 25, 8
41, 25, 8
42, 25, 8
43, 25, 8
44, 25, 8
50, 25, 8
51, 25, 8
33, 25, 9
42, 25, 9
43, 25, 9
52, 25, 9
33, 25, 10
52, 25, 10
32, 25, 11
53, 25, 11
32, 25, 12
53, 25, 12
32, 25, 13
53, 25, 13
32, 25, 14
53, 25, 14
32, 25, 15
53, 25, 15
32, 25, 16
53, 25, 16
32, 25, 17
53, 25, 17
32, 25, 18
53, 25, 18
32, 25, 19
33, 25, 19
52, 25, 19
53, 25, 19
34, 25, 20
51, 25, 20
35, 25, 21
36, 25, 21
37, 25, 21
48, 25, 21
49, 25, 21
50, 25, 21
38, 25, 22
39, 25, 22
40, 25, 22
41, 25, 22
42, 25, 22
43, 25, 22
44, 25, 22
45, 25, 22
46, 25, 22
47, 25, 22
43, 25, 23
37, 26, 6
38, 26, 6
39, 26, 6
40, 26, 6
41, 26, 6
42, 26, 6
43, 26, 6
44, 26, 6
45, 26, 6
46, 26, 6
47, 26, 6
48, 26, 6
34, 26, 7
35, 26, 7
36, 26, 7
49, 26, 7
50, 26, 7
51, 26, 7
33, 26, 8
52, 26, 8
33, 26, 9
52, 26, 9
33, 26, 10
52, 26, 10
32, 26, 11
53, 26, 11
32, 26, 12
53, 26, 12
32, 26, 13
53, 26, 13
32, 26, 14
53, 26, 14
31, 26, 15
54, 26, 15
31, 26, 16
54, 26, 16
32, 26, 17
53, 26, 17
32, 26, 18
53, 26, 18
32, 26, 19
53, 26, 19
33, 26, 20
52, 26, 20
34, 26, 21
35, 26, 21
50, 26, 21
51, 26, 21
36, 26, 22
37, 26, 22
48, 26, 22
49, 26, 22
38, 26, 23
39, 26, 23
40, 26, 23
41, 26, 23
42, 26, 23
44, 26, 23
45, 26, 23
46, 26, 23
47, 26, 23
42, 26, 24
43, 26, 24
36, 27, 6
37, 27, 6
38, 27, 6
39, 27, 6
40, 27, 6
41, 27, 6
42, 27, 6
43, 27, 6
44, 27, 6
45, 27, 6
46, 27, 6
47, 27, 6
48, 27, 6
49, 27, 6
34, 27, 7
35, 27, 7
50, 27, 7
51, 27, 7
33, 27, 8
52, 27, 8
32, 27, 9
53, 27, 9
32, 27, 10
53, 27, 10
32, 27, 11
53, 27, 11
31, 27, 12
54, 27, 12
31, 27, 13
54, 27, 13
32, 27, 14
53, 27, 14
31, 27, 15
54, 27, 15
31, 27, 16
54, 27, 16
32, 27, 17
53, 27, 17
32, 27, 18
53, 27, 18
32, 27, 19
53, 27, 19
33, 27, 20
52, 27, 20
33, 27, 21
52, 27, 21
34, 27, 22
35, 27, 22
50, 27, 22
51, 27, 22
36, 27, 23
37, 27, 23
48, 27, 23
49, 27, 23
38, 27, 24
39, 27, 24
40, 27, 24
41, 27, 24
44, 27, 24
45, 27, 24
46, 27, 24
47, 27, 24
42, 27, 25
43, 27, 25
38, 28, 5
39, 28, 5
40, 28, 5
41, 28, 5
42, 28, 5
43, 28, 5
44, 28, 5
45, 28, 5
46, 28, 5
47, 28, 5
35, 28, 6
36, 28, 6
37, 28, 6
48, 28, 6
49, 28, 6
50, 28, 6
34, 28, 7
51, 28, 7
33, 28, 8
52, 28, 8
32, 28, 9
53, 28, 9
32, 28, 10
53, 28, 10
31, 28, 11
54, 28, 11
31, 28, 12
54, 28, 12
31, 28, 13
54, 28, 13
31, 28, 14
54, 28, 14
31, 28, 15
54, 28, 15
31, 28, 16
54, 28, 16
31, 28, 17
54, 28, 17
31, 28, 18
54, 28, 18
32, 28, 19
53, 28, 19
32, 28, 20
53, 28, 20
33, 28, 21
52, 28, 21
34, 28, 22
51, 28, 22
34, 28, 23
35, 28, 23
50, 28, 23
51, 28, 23
36, 28, 24
37, 28, 24
48, 28, 24
49, 28, 24
38, 28, 25
39, 28, 25
40, 28, 25
41, 28, 25
42, 28, 25
43, 28, 25
44, 28, 25
45, 28, 25
46, 28, 25
47, 28, 25
37, 29, 5
38, 29, 5
39, 29, 5
40, 29, 5
41, 29, 5
42, 29, 5
43, 29, 5
44, 29, 5
45, 29, 5
46, 29, 5
47, 29, 5
48, 29, 5
34, 29, 6
35, 29, 6
36, 29, 6
49, 29, 6
50, 29, 6
51, 29, 6
33, 29, 7
52, 29, 7
33, 29, 8
52, 29, 8
32, 29, 9
53, 29, 9
32, 29, 10
53, 29, 10
31, 29, 11
54, 29, 11
31, 29, 12
54, 29, 12
31, 29, 13
54, 29, 13
31, 29, 14
54, 29, 14
31, 29, 15
54, 29, 15
31, 29, 16
54, 29, 16
31, 29, 17
54, 29, 17
31, 29, 18
54, 29, 18
32, 29, 19
53, 29, 19
32, 29, 20
53, 29, 20
33, 29, 21
52, 29, 21
33, 29, 22
52, 29, 22
34, 29, 23
51, 29, 23
35, 29, 24
36, 29, 24
49, 29, 24
50, 29, 24
37, 29, 25
38, 29, 25
39, 29, 25
40, 29, 25
45, 29, 25
46, 29, 25
47, 29, 25
48, 29, 25
41, 29, 26
42, 29, 26
43, 29, 26
44, 29, 26
37, 30, 5
38, 30, 5
39, 30, 5
40, 30, 5
41, 30, 5
42, 30, 5
43, 30, 5
44, 30, 5
45, 30, 5
46, 30, 5
47, 30, 5
48, 30, 5
34, 30, 6
35, 30, 6
36, 30, 6
49, 30, 6
50, 30, 6
51, 30, 6
33, 30, 7
52, 30, 7
32, 30, 8
53, 30, 8
32, 30, 9
53, 30, 9
31, 30, 10
54, 30, 10
31, 30, 11
54, 30, 11
31, 30, 12
54, 30, 12
31, 30, 13
54, 30, 13
31, 30, 14
54, 30, 14
31, 30, 15
54, 30, 15
31, 30, 16
54, 30, 16
31, 30, 17
54, 30, 17
31, 30, 18
54, 30, 18
31, 30, 19
54, 30, 19
32, 30, 20
53, 30, 20
32, 30, 21
53, 30, 21
33, 30, 22
52, 30, 22
33, 30, 23
52, 30, 23
34, 30, 24
35, 30, 24
50, 30, 24
51, 30, 24
36, 30, 25
37, 30, 25
48, 30, 25
49, 30, 25
38, 30, 26
39, 30, 26
40, 30, 26
41, 30, 26
42, 30, 26
43, 30, 26
44, 30, 26
45, 30, 26
46, 30, 26
47, 30, 26
37, 31, 5
38, 31, 5
39, 31, 5
40, 31, 5
41, 31, 5
42, 31, 5
43, 31, 5
44, 31, 5
45, 31, 5
46, 31, 5
47, 31, 5
48, 31, 5
34, 31, 6
35, 31, 6
36, 31, 6
49, 31, 6
50, 31, 6
51, 31, 6
33, 31, 7
52, 31, 7
32, 31, 8
53, 31, 8
32, 31, 9
53, 31, 9
31, 31, 10
54, 31, 10
31, 31, 11
54, 31, 11
31, 31, 12
54, 31, 12
31, 31, 13
54, 31, 13
31, 31, 14
54, 31, 14
31, 31, 15
54, 31, 15
31, 31, 16
54, 31, 16
31, 31, 17
54, 31, 17
31, 31, 18
54, 31, 18
31, 31, 19
54, 31, 19
31, 31, 20
54, 31, 20
32, 31, 21
53, 31, 21
33, 31, 22
52, 31, 22
33, 31, 23
52, 31, 23
34, 31, 24
35, 31, 24
50, 31, 24
51, 31, 24
36, 31, 25
37, 31, 25
48, 31, 25
49, 31, 25
38, 31, 26
39, 31, 26
40, 31, 26
41, 31, 26
44, 31, 26
45, 31, 26
46, 31, 26
47, 31, 26
42, 31, 27
43, 31, 27
38, 32, 5
39, 32, 5
40, 32, 5
41, 32, 5
42, 32, 5
43, 32, 5
44, 32, 5
45, 32, 5
46, 32, 5
47, 32, 5
35, 32, 6
36, 32, 6
37, 32, 6
48, 32, 6
49, 32, 6
50, 32, 6
33, 32, 7
34, 32, 7
51, 32, 7
52, 32, 7
32, 32, 8
53, 32, 8
32, 32, 9
53, 32, 9
31, 32, 10
54, 32, 10
31, 32, 11
54, 32, 11
30, 32, 12
55, 32, 12
30, 32, 13
55, 32, 13
30, 32, 14
55, 32, 14
30, 32, 15
55, 32, 15
30, 32, 16
55, 32, 16
30, 32, 17
55, 32, 17
31, 32, 18
54, 32, 18
31, 32, 19
54, 32, 19
31, 32, 20
54, 32, 20
32, 32, 21
53, 32, 21
32, 32, 22
53, 32, 22
33, 32, 23
52, 32, 23
34, 32, 24
51, 32, 24
35, 32, 25
36, 32, 25
49, 32, 25
50, 32, 25
37, 32, 26
38, 32, 26
39, 32, 26
40, 32, 26
45, 32, 26
46, 32, 26
47, 32, 26
48, 32, 26
41, 32, 27
42, 32, 27
43, 32, 27
44, 32, 27
38, 33, 5
39, 33, 5
40, 33, 5
41, 33, 5
42, 33, 5
43, 33, 5
44, 33, 5
45, 33, 5
46, 33, 5
47, 33, 5
35, 33, 6
36, 33, 6
37, 33, 6
48, 33, 6
49, 33, 6
50, 33, 6
33, 33, 7
34, 33, 7
51, 33, 7
52, 33, 7
32, 33, 8
53, 33, 8
32, 33, 9
53, 33, 9
31, 33, 10
54, 33, 10
31, 33, 11
54, 33, 11
30, 33, 12
55, 33, 12
30, 33, 13
55, 33, 13
30, 33, 14
55, 33, 14
30, 33, 15
55, 33, 15
30, 33, 16
55, 33, 16
30, 33, 17
55, 33, 17
31, 33, 18
54, 33, 18
31, 33, 19
54, 33, 19
31, 33, 20
54, 33, 20
32, 33, 21
53, 33, 21
32, 33, 22
53, 33, 22
33, 33, 23
52, 33, 23
34, 33, 24
51, 33, 24
35, 33, 25
36, 33, 25
49, 33, 25
50, 33, 25
37, 33, 26
38, 33, 26
39, 33, 26
46, 33, 26
47, 33, 26
48, 33, 26
40, 33, 27
41, 33, 27
42, 33, 27
43, 33, 27
44, 33, 27
45, 33, 27
36, 34, 6
37, 34, 6
38, 34, 6
39, 34, 6
40, 34, 6
41, 34, 6
42, 34, 6
43, 34, 6
44, 34, 6
45, 34, 6
46, 34, 6
47, 34, 6
48, 34, 6
49, 34, 6
34, 34, 7
35, 34, 7
50, 34, 7
51, 34, 7
32, 34, 8
33, 34, 8
52, 34, 8
53, 34, 8
32, 34, 9
53, 34, 9
31, 34, 10
54, 34, 10
31, 34, 11
54, 34, 11
30, 34, 12
55, 34, 12
30, 34, 13
55, 34, 13
30, 34, 14
55, 34, 14
30, 34, 15
55, 34, 15
30, 34, 16
55, 34, 16
30, 34, 17
55, 34, 17
31, 34, 18
54, 34, 18
31, 34, 19
54, 34, 19
31, 34, 20
54, 34, 20
32, 34, 21
53, 34, 21
32, 34, 22
53, 34, 22
33, 34, 23
52, 34, 23
34, 34, 24
51, 34, 24
35, 34, 25
36, 34, 25
49, 34, 25
50, 34, 25
37, 34, 26
38, 34, 26
39, 34, 26
46, 34, 26
47, 34, 26
48, 34, 26
40, 34, 27
41, 34, 27
42, 34, 27
43, 34, 27
44, 34, 27
45, 34, 27
36, 35, 6
37, 35, 6
38, 35, 6
39, 35, 6
40, 35, 6
41, 35, 6
42, 35, 6
43, 35, 6
44, 35, 6
45, 35, 6
46, 35, 6
47, 35, 6
48, 35, 6
49, 35, 6
34, 35, 7
35, 35, 7
50, 35, 7
51, 35, 7
33, 35, 8
52, 35, 8
32, 35, 9
53, 35, 9
31, 35, 10
54, 35, 10
31, 35, 11
54, 35, 11
31, 35, 12
54, 35, 12
30, 35, 13
55, 35, 13
30, 35, 14
55, 35, 14
30, 35, 15
55, 35, 15
30, 35, 16
55, 35, 16
30, 35, 17
55, 35, 17
31, 35, 18
54, 35, 18
31, 35, 19
54, 35, 19
31, 35, 20
54, 35, 20
32, 35, 21
53, 35, 21
32, 35, 22
53, 35, 22
33, 35, 23
52, 35, 23
34, 35, 24
51, 35, 24
35, 35, 25
36, 35, 25
49, 35, 25
50, 35, 25
37, 35, 26
38, 35, 26
39, 35, 26
46, 35, 26
47, 35, 26
48, 35, 26
40, 35, 27
41, 35, 27
42, 35, 27
43, 35, 27
44, 35, 27
45, 35, 27
36, 36, 6
37, 36, 6
38, 36, 6
39, 36, 6
40, 36, 6
41, 36, 6
42, 36, 6
43, 36, 6
44, 36, 6
45, 36, 6
46, 36, 6
47, 36, 6
48, 36, 6
49, 36, 6
34, 36, 7
35, 36, 7
50, 36, 7
51, 36, 7
33, 36, 8
52, 36, 8
32, 36, 9
53, 36, 9
31, 36, 10
54, 36, 10
31, 36, 11
54, 36, 11
31, 36, 12
54, 36, 12
31, 36, 13
54, 36, 13
31, 36, 14
54, 36, 14
31, 36, 15
54, 36, 15
31, 36, 16
54, 36, 16
31, 36, 17
54, 36, 17
31, 36, 18
54, 36, 18
31, 36, 19
54, 36, 19
31, 36, 20
54, 36, 20
32, 36, 21
53, 36, 21
32, 36, 22
53, 36, 22
33, 36, 23
52, 36, 23
34, 36, 24
51, 36, 24
35, 36, 25
36, 36, 25
49, 36, 25
50, 36, 25
37, 36, 26
38, 36, 26
39, 36, 26
40, 36, 26
45, 36, 26
46, 36, 26
47, 36, 26
48, 36, 26
41, 36, 27
42, 36, 27
43, 36, 27
44, 36, 27
41, 37, 5
42, 37, 5
43, 37, 5
36, 37, 6
37, 37, 6
38, 37, 6
39, 37, 6
40, 37, 6
44, 37, 6
45, 37, 6
46, 37, 6
47, 37, 6
48, 37, 6
49, 37, 6
34, 37, 7
35, 37, 7
50, 37, 7
51, 37, 7
33, 37, 8
52, 37, 8
32, 37, 9
53, 37, 9
31, 37, 10
54, 37, 10
31, 37, 11
54, 37, 11
30, 37, 12
55, 37, 12
30, 37, 13
55, 37, 13
31, 37, 14
54, 37, 14
31, 37, 15
54, 37, 15
31, 37, 16
54, 37, 16
31, 37, 17
54, 37, 17
31, 37, 18
54, 37, 18
31, 37, 19
54, 37, 19
32, 37, 20
53, 37, 20
32, 37, 21
53, 37, 21
33, 37, 22
52, 37, 22
33, 37, 23
52, 37, 23
34, 37, 24
51, 37, 24
35, 37, 25
50, 37, 25
36, 37, 26
37, 37, 26
38, 37, 26
39, 37, 26
40, 37, 26
41, 37, 26
44, 37, 26
45, 37, 26
46, 37, 26
47, 37, 26
48, 37, 26
49, 37, 26
42, 37, 27
43, 37, 27
38, 38, 5
39, 38, 5
40, 38, 5
41, 38, 5
42, 38, 5
43, 38, 5
44, 38, 5
45, 38, 5
46, 38, 5
47, 38, 5
36, 38, 6
37, 38, 6
48, 38, 6
49, 38, 6
33, 38, 7
34, 38, 7
35, 38, 7
50, 38, 7
51, 38, 7
52, 38, 7
32, 38, 8
53, 38, 8
32, 38, 9
53, 38, 9
31, 38, 10
54, 38, 10
31, 38, 11
54, 38, 11
30, 38, 12
55, 38, 12
30, 38, 13
55, 38, 13
30, 38, 14
55, 38, 14
30, 38, 15
55, 38, 15
30, 38, 16
55, 38, 16
31, 38, 17
54, 38, 17
31, 38, 18
54, 38, 18
31, 38, 19
54, 38, 19
32, 38, 20
53, 38, 20
32, 38, 21
53, 38, 21
33, 38, 22
52, 38, 22
33, 38, 23
52, 38, 23
33, 38, 24
52, 38, 24
34, 38, 25
35, 38, 25
50, 38, 25
51, 38, 25
36, 38, 26
37, 38, 26
38, 38, 26
39, 38, 26
40, 38, 26
41, 38, 26
44, 38, 26
45, 38, 26
46, 38, 26
47, 38, 26
48, 38, 26
49, 38, 26
42, 38, 27
43, 38, 27
38, 39, 5
39, 39, 5
40, 39, 5
41, 39, 5
42, 39, 5
43, 39, 5
44, 39, 5
45, 39, 5
46, 39, 5
47, 39, 5
35, 39, 6
36, 39, 6
37, 39, 6
48, 39, 6
49, 39, 6
50, 39, 6
33, 39, 7
34, 39, 7
51, 39, 7
52, 39, 7
33, 39, 8
52, 39, 8
32, 39, 9
53, 39, 9
32, 39, 10
53, 39, 10
31, 39, 11
54, 39, 11
31, 39, 12
54, 39, 12
31, 39, 13
54, 39, 13
31, 39, 14
54, 39, 14
31, 39, 15
54, 39, 15
31, 39, 16
54, 39, 16
32, 39, 17
54, 39, 17
31, 39, 18
54, 39, 18
31, 39, 19
54, 39, 19
32, 39, 20
53, 39, 20
32, 39, 21
53, 39, 21
33, 39, 22
52, 39, 22
33, 39, 23
52, 39, 23
34, 39, 24
51, 39, 24
34, 39, 25
35, 39, 25
36, 39, 25
49, 39, 25
50, 39, 25
51, 39, 25
37, 39, 26
38, 39, 26
39, 39, 26
40, 39, 26
41, 39, 26
44, 39, 26
45, 39, 26
46, 39, 26
47, 39, 26
48, 39, 26
42, 39, 27
43, 39, 27
38, 40, 5
39, 40, 5
40, 40, 5
41, 40, 5
42, 40, 5
43, 40, 5
44, 40, 5
45, 40, 5
46, 40, 5
47, 40, 5
35, 40, 6
36, 40, 6
37, 40, 6
48, 40, 6
49, 40, 6
50, 40, 6
34, 40, 7
51, 40, 7
33, 40, 8
52, 40, 8
32, 40, 9
53, 40, 9
31, 40, 10
54, 40, 10
31, 40, 11
54, 40, 11
31, 40, 12
54, 40, 12
31, 40, 13
54, 40, 13
31, 40, 14
54, 40, 14
31, 40, 15
54, 40, 15
31, 40, 16
54, 40, 16
31, 40, 17
54, 40, 17
32, 40, 18
53, 40, 18
32, 40, 19
53, 40, 19
32, 40, 20
53, 40, 20
32, 40, 21
53, 40, 21
33, 40, 22
52, 40, 22
33, 40, 23
52, 40, 23
34, 40, 24
51, 40, 24
34, 40, 25
35, 40, 25
36, 40, 25
49, 40, 25
50, 40, 25
51, 40, 25
37, 40, 26
38, 40, 26
39, 40, 26
40, 40, 26
41, 40, 26
42, 40, 26
43, 40, 26
44, 40, 26
45, 40, 26
46, 40, 26
47, 40, 26
48, 40, 26
38, 41, 5
39, 41, 5
40, 41, 5
41, 41, 5
42, 41, 5
43, 41, 5
44, 41, 5
45, 41, 5
46, 41, 5
47, 41, 5
35, 41, 6
36, 41, 6
37, 41, 6
48, 41, 6
49, 41, 6
50, 41, 6
34, 41, 7
51, 41, 7
33, 41, 8
52, 41, 8
32, 41, 9
53, 41, 9
16, 41, 10
17, 41, 10
32, 41, 10
53, 41, 10
68, 41, 10
69, 41, 10
15, 41, 11
16, 41, 11
17, 41, 11
32, 41, 11
53, 41, 11
68, 41, 11
69, 41, 11
70, 41, 11
15, 41, 12
16, 41, 12
17, 41, 12
32, 41, 12
53, 41, 12
68, 41, 12
69, 41, 12
70, 41, 12
15, 41, 13
16, 41, 13
17, 41, 13
32, 41, 13
53, 41, 13
68, 41, 13
69, 41, 13
70, 41, 13
15, 41, 14
16, 41, 14
17, 41, 14
32, 41, 14
53, 41, 14
68, 41, 14
69, 41, 14
70, 41, 14
16, 41, 15
17, 41, 15
32, 41, 15
53, 41, 15
68, 41, 15
69, 41, 15
12, 41, 16
13, 41, 16
31, 41, 16
54, 41, 16
72, 41, 16
73, 41, 16
11, 41, 17
12, 41, 17
31, 41, 17
54, 41, 17
73, 41, 17
74, 41, 17
10, 41, 18
11, 41, 18
32, 41, 18
53, 41, 18
74, 41, 18
75, 41, 18
32, 41, 19
53, 41, 19
33, 41, 20
52, 41, 20
33, 41, 21
52, 41, 21
34, 41, 22
51, 41, 22
34, 41, 23
51, 41, 23
34, 41, 24
51, 41, 24
35, 41, 25
36, 41, 25
37, 41, 25
38, 41, 25
39, 41, 25
40, 41, 25
41, 41, 25
42, 41, 25
43, 41, 25
44, 41, 25
45, 41, 25
46, 41, 25
47, 41, 25
48, 41, 25
49, 41, 25
50, 41, 25
38, 42, 5
39, 42, 5
40, 42, 5
41, 42, 5
42, 42, 5
43, 42, 5
44, 42, 5
45, 42, 5
46, 42, 5
47, 42, 5
35, 42, 6
36, 42, 6
37, 42, 6
48, 42, 6
49, 42, 6
50, 42, 6
34, 42, 7
51, 42, 7
33, 42, 8
52, 42, 8
15, 42, 9
16, 42, 9
17, 42, 9
32, 42, 9
53, 42, 9
68, 42, 9
69, 42, 9
70, 42, 9
13, 42, 10
14, 42, 10
15, 42, 10
17, 42, 10
23, 42, 10
25, 42, 10
27, 42, 10
28, 42, 10
29, 42, 10
30, 42, 10
31, 42, 10
54, 42, 10
55, 42, 10
56, 42, 10
57, 42, 10
58, 42, 10
60, 42, 10
62, 42, 10
68, 42, 10
70, 42, 10
71, 42, 10
72, 42, 10
11, 42, 11
12, 42, 11
13, 42, 11
14, 42, 11
18, 42, 11
19, 42, 11
20, 42, 11
21, 42, 11
22, 42, 11
23, 42, 11
24, 42, 11
25, 42, 11
26, 42, 11
27, 42, 11
28, 42, 11
29, 42, 11
30, 42, 11
31, 42, 11
54, 42, 11
55, 42, 11
56, 42, 11
57, 42, 11
58, 42, 11
59, 42, 11
60, 42, 11
61, 42, 11
62, 42, 11
63, 42, 11
64, 42, 11
65, 42, 11
66, 42, 11
67, 42, 11
71, 42, 11
72, 42, 11
73, 42, 11
74, 42, 11
11, 42, 12
12, 42, 12
13, 42, 12
14, 42, 12
18, 42, 12
19, 42, 12
20, 42, 12
21, 42, 12
22, 42, 12
23, 42, 12
24, 42, 12
25, 42, 12
26, 42, 12
27, 42, 12
28, 42, 12
29, 42, 12
30, 42, 12
31, 42, 12
54, 42, 12
55, 42, 12
56, 42, 12
57, 42, 12
58, 42, 12
59, 42, 12
60, 42, 12
61, 42, 12
62, 42, 12
63, 42, 12
64, 42, 12
65, 42, 12
66, 42, 12
67, 42, 12
71, 42, 12
72, 42, 12
73, 42, 12
74, 42, 12
11, 42, 13
12, 42, 13
13, 42, 13
14, 42, 13
18, 42, 13
19, 42, 13
20, 42, 13
21, 42, 13
22, 42, 13
23, 42, 13
24, 42, 13
25, 42, 13
26, 42, 13
27, 42, 13
28, 42, 13
29, 42, 13
30, 42, 13
31, 42, 13
54, 42, 13
55, 42, 13
56, 42, 13
57, 42, 13
58, 42, 13
59, 42, 13
60, 42, 13
61, 42, 13
62, 42, 13
63, 42, 13
64, 42, 13
65, 42, 13
66, 42, 13
67, 42, 13
71, 42, 13
72, 42, 13
73, 42, 13
74, 42, 13
11, 42, 14
12, 42, 14
13, 42, 14
14, 42, 14
18, 42, 14
19, 42, 14
20, 42, 14
21, 42, 14
22, 42, 14
23, 42, 14
24, 42, 14
25, 42, 14
26, 42, 14
27, 42, 14
28, 42, 14
29, 42, 14
30, 42, 14
31, 42, 14
54, 42, 14
55, 42, 14
56, 42, 14
57, 42, 14
58, 42, 14
59, 42, 14
60, 42, 14
61, 42, 14
62, 42, 14
63, 42, 14
64, 42, 14
65, 42, 14
66, 42, 14
67, 42, 14
71, 42, 14
72, 42, 14
73, 42, 14
74, 42, 14
10, 42, 15
11, 42, 15
12, 42, 15
13, 42, 15
14, 42, 15
15, 42, 15
17, 42, 15
21, 42, 15
22, 42, 15
23, 42, 15
24, 42, 15
25, 42, 15
26, 42, 15
27, 42, 15
28, 42, 15
29, 42, 15
30, 42, 15
31, 42, 15
54, 42, 15
55, 42, 15
56, 42, 15
57, 42, 15
58, 42, 15
59, 42, 15
60, 42, 15
61, 42, 15
62, 42, 15
63, 42, 15
64, 42, 15
68, 42, 15
70, 42, 15
71, 42, 15
72, 42, 15
73, 42, 15
74, 42, 15
75, 42, 15
10, 42, 16
11, 42, 16
14, 42, 16
15, 42, 16
16, 42, 16
17, 42, 16
25, 42, 16
30, 42, 16
31, 42, 16
54, 42, 16
55, 42, 16
60, 42, 16
68, 42, 16
69, 42, 16
70, 42, 16
71, 42, 16
74, 42, 16
75, 42, 16
5, 42, 17
6, 42, 17
7, 42, 17
8, 42, 17
9, 42, 17
10, 42, 17
13, 42, 17
14, 42, 17
17, 42, 17
32, 42, 17
53, 42, 17
68, 42, 17
71, 42, 17
72, 42, 17
75, 42, 17
76, 42, 17
77, 42, 17
78, 42, 17
79, 42, 17
80, 42, 17
5, 42, 18
6, 42, 18
7, 42, 18
8, 42, 18
9, 42, 18
12, 42, 18
13, 42, 18
32, 42, 18
53, 42, 18
72, 42, 18
73, 42, 18
76, 42, 18
77, 42, 18
78, 42, 18
79, 42, 18
80, 42, 18
5, 42, 19
6, 42, 19
7, 42, 19
8, 42, 19
9, 42, 19
10, 42, 19
11, 42, 19
12, 42, 19
32, 42, 19
53, 42, 19
73, 42, 19
74, 42, 19
75, 42, 19
76, 42, 19
77, 42, 19
78, 42, 19
79, 42, 19
80, 42, 19
33, 42, 20
52, 42, 20
33, 42, 21
52, 42, 21
34, 42, 22
51, 42, 22
34, 42, 23
51, 42, 23
34, 42, 24
35, 42, 24
39, 42, 24
40, 42, 24
45, 42, 24
46, 42, 24
50, 42, 24
51, 42, 24
36, 42, 25
37, 42, 25
38, 42, 25
40, 42, 25
41, 42, 25
42, 42, 25
43, 42, 25
44, 42, 25
45, 42, 25
47, 42, 25
48, 42, 25
49, 42, 25
38, 43, 5
39, 43, 5
40, 43, 5
41, 43, 5
42, 43, 5
43, 43, 5
44, 43, 5
45, 43, 5
46, 43, 5
47, 43, 5
36, 43, 6
37, 43, 6
48, 43, 6
49, 43, 6
34, 43, 7
35, 43, 7
50, 43, 7
51, 43, 7
17, 43, 8
32, 43, 8
33, 43, 8
52, 43, 8
53, 43, 8
68, 43, 8
9, 43, 9
10, 43, 9
11, 43, 9
12, 43, 9
13, 43, 9
14, 43, 9
15, 43, 9
16, 43, 9
17, 43, 9
28, 43, 9
29, 43, 9
30, 43, 9
31, 43, 9
54, 43, 9
55, 43, 9
56, 43, 9
57, 43, 9
68, 43, 9
69, 43, 9
70, 43, 9
71, 43, 9
72, 43, 9
73, 43, 9
74, 43, 9
75, 43, 9
76, 43, 9
9, 43, 10
10, 43, 10
11, 43, 10
12, 43, 10
18, 43, 10
19, 43, 10
20, 43, 10
21, 43, 10
22, 43, 10
23, 43, 10
24, 43, 10
25, 43, 10
26, 43, 10
27, 43, 10
58, 43, 10
59, 43, 10
60, 43, 10
61, 43, 10
62, 43, 10
63, 43, 10
64, 43, 10
65, 43, 10
66, 43, 10
67, 43, 10
73, 43, 10
74, 43, 10
75, 43, 10
76, 43, 10
9, 43, 11
10, 43, 11
75, 43, 11
76, 43, 11
9, 43, 12
10, 43, 12
75, 43, 12
76, 43, 12
9, 43, 13
10, 43, 13
75, 43, 13
76, 43, 13
10, 43, 14
75, 43, 14
9, 43, 15
18, 43, 15
19, 43, 15
20, 43, 15
65, 43, 15
66, 43, 15
67, 43, 15
76, 43, 15
8, 43, 16
9, 43, 16
17, 43, 16
21, 43, 16
22, 43, 16
23, 43, 16
24, 43, 16
25, 43, 16
26, 43, 16
27, 43, 16
28, 43, 16
29, 43, 16
30, 43, 16
31, 43, 16
54, 43, 16
55, 43, 16
56, 43, 16
57, 43, 16
58, 43, 16
59, 43, 16
60, 43, 16
61, 43, 16
62, 43, 16
63, 43, 16
64, 43, 16
68, 43, 16
76, 43, 16
77, 43, 16
5, 43, 17
6, 43, 17
7, 43, 17
15, 43, 17
16, 43, 17
17, 43, 17
32, 43, 17
53, 43, 17
68, 43, 17
69, 43, 17
70, 43, 17
78, 43, 17
79, 43, 17
80, 43, 17
4, 43, 18
14, 43, 18
32, 43, 18
53, 43, 18
71, 43, 18
81, 43, 18
4, 43, 19
5, 43, 19
6, 43, 19
12, 43, 19
13, 43, 19
32, 43, 19
53, 43, 19
72, 43, 19
73, 43, 19
79, 43, 19
80, 43, 19
81, 43, 19
7, 43, 20
8, 43, 20
9, 43, 20
10, 43, 20
11, 43, 20
33, 43, 20
52, 43, 20
74, 43, 20
75, 43, 20
76, 43, 20
77, 43, 20
78, 43, 20
34, 43, 21
51, 43, 21
34, 43, 22
51, 43, 22
35, 43, 23
39, 43, 23
40, 43, 23
45, 43, 23
46, 43, 23
50, 43, 23
35, 43, 24
36, 43, 24
37, 43, 24
38, 43, 24
41, 43, 24
42, 43, 24
43, 43, 24
44, 43, 24
47, 43, 24
48, 43, 24
49, 43, 24
50, 43, 24
39, 44, 5
40, 44, 5
41, 44, 5
42, 44, 5
43, 44, 5
44, 44, 5
45, 44, 5
46, 44, 5
36, 44, 6
37, 44, 6
38, 44, 6
47, 44, 6
48, 44, 6
49, 44, 6
34, 44, 7
35, 44, 7
50, 44, 7
51, 44, 7
9, 44, 8
10, 44, 8
11, 44, 8
12, 44, 8
13, 44, 8
15, 44, 8
16, 44, 8
17, 44, 8
33, 44, 8
52, 44, 8
68, 44, 8
69, 44, 8
70, 44, 8
72, 44, 8
73, 44, 8
74, 44, 8
75, 44, 8
76, 44, 8
8, 44, 9
14, 44, 9
17, 44, 9
23, 44, 9
24, 44, 9
25, 44, 9
26, 44, 9
27, 44, 9
28, 44, 9
29, 44, 9
30, 44, 9
31, 44, 9
32, 44, 9
53, 44, 9
54, 44, 9
55, 44, 9
56, 44, 9
57, 44, 9
58, 44, 9
59, 44, 9
60, 44, 9
61, 44, 9
62, 44, 9
68, 44, 9
71, 44, 9
77, 44, 9
8, 44, 10
18, 44, 10
19, 44, 10
20, 44, 10
21, 44, 10
22, 44, 10
63, 44, 10
64, 44, 10
65, 44, 10
66, 44, 10
67, 44, 10
77, 44, 10
8, 44, 11
77, 44, 11
8, 44, 12
77, 44, 12
8, 44, 13
77, 44, 13
8, 44, 14
9, 44, 14
76, 44, 14
77, 44, 14
8, 44, 15
77, 44, 15
8, 44, 16
18, 44, 16
19, 44, 16
20, 44, 16
21, 44, 16
22, 44, 16
23, 44, 16
24, 44, 16
26, 44, 16
27, 44, 16
58, 44, 16
59, 44, 16
61, 44, 16
62, 44, 16
63, 44, 16
64, 44, 16
65, 44, 16
66, 44, 16
67, 44, 16
77, 44, 16
4, 44, 17
5, 44, 17
6, 44, 17
7, 44, 17
15, 44, 17
17, 44, 17
25, 44, 17
28, 44, 17
29, 44, 17
30, 44, 17
31, 44, 17
32, 44, 17
53, 44, 17
54, 44, 17
55, 44, 17
56, 44, 17
57, 44, 17
60, 44, 17
68, 44, 17
70, 44, 17
78, 44, 17
79, 44, 17
80, 44, 17
81, 44, 17
4, 44, 18
14, 44, 18
16, 44, 18
17, 44, 18
33, 44, 18
52, 44, 18
68, 44, 18
69, 44, 18
71, 44, 18
81, 44, 18
4, 44, 19
12, 44, 19
13, 44, 19
33, 44, 19
52, 44, 19
72, 44, 19
73, 44, 19
81, 44, 19
4, 44, 20
5, 44, 20
6, 44, 20
7, 44, 20
8, 44, 20
9, 44, 20
10, 44, 20
11, 44, 20
34, 44, 20
51, 44, 20
74, 44, 20
75, 44, 20
76, 44, 20
77, 44, 20
78, 44, 20
79, 44, 20
80, 44, 20
81, 44, 20
34, 44, 21
51, 44, 21
35, 44, 22
50, 44, 22
36, 44, 23
37, 44, 23
39, 44, 23
40, 44, 23
41, 44, 23
42, 44, 23
43, 44, 23
44, 44, 23
45, 44, 23
46, 44, 23
48, 44, 23
49, 44, 23
38, 44, 24
47, 44, 24
41, 45, 5
42, 45, 5
43, 45, 5
44, 45, 5
36, 45, 6
37, 45, 6
38, 45, 6
39, 45, 6
40, 45, 6
45, 45, 6
46, 45, 6
47, 45, 6
48, 45, 6
49, 45, 6
35, 45, 7
50, 45, 7
2, 45, 8
3, 45, 8
4, 45, 8
5, 45, 8
6, 45, 8
7, 45, 8
8, 45, 8
9, 45, 8
10, 45, 8
11, 45, 8
12, 45, 8
13, 45, 8
14, 45, 8
15, 45, 8
16, 45, 8
17, 45, 8
33, 45, 8
34, 45, 8
51, 45, 8
52, 45, 8
68, 45, 8
69, 45, 8
70, 45, 8
71, 45, 8
72, 45, 8
73, 45, 8
74, 45, 8
75, 45, 8
76, 45, 8
77, 45, 8
78, 45, 8
79, 45, 8
80, 45, 8
81, 45, 8
82, 45, 8
83, 45, 8
2, 45, 9
3, 45, 9
4, 45, 9
5, 45, 9
6, 45, 9
7, 45, 9
17, 45, 9
23, 45, 9
24, 45, 9
25, 45, 9
26, 45, 9
27, 45, 9
28, 45, 9
29, 45, 9
30, 45, 9
31, 45, 9
32, 45, 9
53, 45, 9
54, 45, 9
55, 45, 9
56, 45, 9
57, 45, 9
58, 45, 9
59, 45, 9
60, 45, 9
61, 45, 9
62, 45, 9
68, 45, 9
78, 45, 9
79, 45, 9
80, 45, 9
81, 45, 9
82, 45, 9
83, 45, 9
2, 45, 10
3, 45, 10
4, 45, 10
5, 45, 10
6, 45, 10
7, 45, 10
18, 45, 10
19, 45, 10
20, 45, 10
21, 45, 10
22, 45, 10
63, 45, 10
64, 45, 10
65, 45, 10
66, 45, 10
67, 45, 10
78, 45, 10
79, 45, 10
80, 45, 10
81, 45, 10
82, 45, 10
83, 45, 10
6, 45, 11
7, 45, 11
78, 45, 11
79, 45, 11
5, 45, 12
6, 45, 12
7, 45, 12
78, 45, 12
79, 45, 12
80, 45, 12
7, 45, 13
78, 45, 13
6, 45, 14
7, 45, 14
78, 45, 14
79, 45, 14
7, 45, 15
78, 45, 15
5, 45, 16
6, 45, 16
7, 45, 16
18, 45, 16
19, 45, 16
20, 45, 16
21, 45, 16
22, 45, 16
23, 45, 16
24, 45, 16
26, 45, 16
27, 45, 16
58, 45, 16
59, 45, 16
61, 45, 16
62, 45, 16
63, 45, 16
64, 45, 16
65, 45, 16
66, 45, 16
67, 45, 16
78, 45, 16
79, 45, 16
80, 45, 16
5, 45, 17
17, 45, 17
25, 45, 17
28, 45, 17
29, 45, 17
30, 45, 17
31, 45, 17
32, 45, 17
53, 45, 17
54, 45, 17
55, 45, 17
56, 45, 17
57, 45, 17
60, 45, 17
68, 45, 17
80, 45, 17
4, 45, 18
5, 45, 18
6, 45, 18
7, 45, 18
14, 45, 18
15, 45, 18
16, 45, 18
17, 45, 18
33, 45, 18
52, 45, 18
68, 45, 18
69, 45, 18
70, 45, 18
71, 45, 18
78, 45, 18
79, 45, 18
80, 45, 18
81, 45, 18
4, 45, 19
5, 45, 19
6, 45, 19
7, 45, 19
12, 45, 19
13, 45, 19
33, 45, 19
52, 45, 19
72, 45, 19
73, 45, 19
78, 45, 19
79, 45, 19
80, 45, 19
81, 45, 19
8, 45, 20
9, 45, 20
10, 45, 20
11, 45, 20
34, 45, 20
51, 45, 20
74, 45, 20
75, 45, 20
76, 45, 20
77, 45, 20
35, 45, 21
50, 45, 21
36, 45, 22
37, 45, 22
39, 45, 22
40, 45, 22
41, 45, 22
42, 45, 22
43, 45, 22
44, 45, 22
45, 45, 22
46, 45, 22
48, 45, 22
49, 45, 22
38, 45, 23
47, 45, 23
37, 46, 6
38, 46, 6
39, 46, 6
40, 46, 6
41, 46, 6
42, 46, 6
43, 46, 6
44, 46, 6
45, 46, 6
46, 46, 6
47, 46, 6
48, 46, 6
35, 46, 7
36, 46, 7
49, 46, 7
50, 46, 7
1, 46, 8
2, 46, 8
3, 46, 8
4, 46, 8
5, 46, 8
6, 46, 8
7, 46, 8
8, 46, 8
9, 46, 8
10, 46, 8
11, 46, 8
12, 46, 8
13, 46, 8
14, 46, 8
15, 46, 8
16, 46, 8
17, 46, 8
33, 46, 8
34, 46, 8
51, 46, 8
52, 46, 8
68, 46, 8
69, 46, 8
70, 46, 8
71, 46, 8
72, 46, 8
73, 46, 8
74, 46, 8
75, 46, 8
76, 46, 8
77, 46, 8
78, 46, 8
79, 46, 8
80, 46, 8
81, 46, 8
82, 46, 8
83, 46, 8
84, 46, 8
1, 46, 9
18, 46, 9
23, 46, 9
24, 46, 9
25, 46, 9
26, 46, 9
27, 46, 9
28, 46, 9
29, 46, 9
30, 46, 9
31, 46, 9
32, 46, 9
53, 46, 9
54, 46, 9
55, 46, 9
56, 46, 9
57, 46, 9
58, 46, 9
59, 46, 9
60, 46, 9
61, 46, 9
62, 46, 9
67, 46, 9
84, 46, 9
1, 46, 10
19, 46, 10
20, 46, 10
21, 46, 10
22, 46, 10
63, 46, 10
64, 46, 10
65, 46, 10
66, 46, 10
84, 46, 10
0, 46, 11
1, 46, 11
2, 46, 11
3, 46, 11
4, 46, 11
5, 46, 11
80, 46, 11
81, 46, 11
82, 46, 11
83, 46, 11
84, 46, 11
85, 46, 11
1, 46, 12
2, 46, 12
3, 46, 12
4, 46, 12
81, 46, 12
82, 46, 12
83, 46, 12
84, 46, 12
0, 46, 13
1, 46, 13
2, 46, 13
3, 46, 13
4, 46, 13
5, 46, 13
6, 46, 13
79, 46, 13
80, 46, 13
81, 46, 13
82, 46, 13
83, 46, 13
84, 46, 13
85, 46, 13
0, 46, 14
1, 46, 14
2, 46, 14
3, 46, 14
4, 46, 14
5, 46, 14
80, 46, 14
81, 46, 14
82, 46, 14
83, 46, 14
84, 46, 14
85, 46, 14
1, 46, 15
2, 46, 15
3, 46, 15
4, 46, 15
5, 46, 15
6, 46, 15
79, 46, 15
80, 46, 15
81, 46, 15
82, 46, 15
83, 46, 15
84, 46, 15
0, 46, 16
1, 46, 16
2, 46, 16
3, 46, 16
4, 46, 16
18, 46, 16
19, 46, 16
20, 46, 16
21, 46, 16
22, 46, 16
23, 46, 16
24, 46, 16
25, 46, 16
26, 46, 16
27, 46, 16
30, 46, 16
55, 46, 16
58, 46, 16
59, 46, 16
60, 46, 16
61, 46, 16
62, 46, 16
63, 46, 16
64, 46, 16
65, 46, 16
66, 46, 16
67, 46, 16
81, 46, 16
82, 46, 16
83, 46, 16
84, 46, 16
85, 46, 16
0, 46, 17
1, 46, 17
2, 46, 17
3, 46, 17
4, 46, 17
5, 46, 17
6, 46, 17
7, 46, 17
17, 46, 17
28, 46, 17
29, 46, 17
31, 46, 17
32, 46, 17
53, 46, 17
54, 46, 17
56, 46, 17
57, 46, 17
68, 46, 17
78, 46, 17
79, 46, 17
80, 46, 17
81, 46, 17
82, 46, 17
83, 46, 17
84, 46, 17
85, 46, 17
8, 46, 18
13, 46, 18
14, 46, 18
15, 46, 18
16, 46, 18
17, 46, 18
33, 46, 18
52, 46, 18
68, 46, 18
69, 46, 18
70, 46, 18
71, 46, 18
72, 46, 18
77, 46, 18
8, 46, 19
9, 46, 19
10, 46, 19
11, 46, 19
12, 46, 19
34, 46, 19
51, 46, 19
73, 46, 19
74, 46, 19
75, 46, 19
76, 46, 19
77, 46, 19
34, 46, 20
35, 46, 20
50, 46, 20
51, 46, 20
36, 46, 21
39, 46, 21
46, 46, 21
49, 46, 21
37, 46, 22
38, 46, 22
40, 46, 22
41, 46, 22
42, 46, 22
43, 46, 22
44, 46, 22
45, 46, 22
47, 46, 22
48, 46, 22
40, 47, 6
41, 47, 6
44, 47, 6
45, 47, 6
36, 47, 7
37, 47, 7
38, 47, 7
39, 47, 7
41, 47, 7
42, 47, 7
43, 47, 7
44, 47, 7
46, 47, 7
47, 47, 7
48, 47, 7
49, 47, 7
1, 47, 8
2, 47, 8
3, 47, 8
4, 47, 8
5, 47, 8
6, 47, 8
7, 47, 8
8, 47, 8
9, 47, 8
10, 47, 8
11, 47, 8
12, 47, 8
13, 47, 8
14, 47, 8
15, 47, 8
16, 47, 8
17, 47, 8
33, 47, 8
34, 47, 8
35, 47, 8
50, 47, 8
51, 47, 8
52, 47, 8
68, 47, 8
69, 47, 8
70, 47, 8
71, 47, 8
72, 47, 8
73, 47, 8
74, 47, 8
75, 47, 8
76, 47, 8
77, 47, 8
78, 47, 8
79, 47, 8
80, 47, 8
81, 47, 8
82, 47, 8
83, 47, 8
84, 47, 8
1, 47, 9
17, 47, 9
23, 47, 9
24, 47, 9
25, 47, 9
26, 47, 9
27, 47, 9
28, 47, 9
29, 47, 9
30, 47, 9
31, 47, 9
32, 47, 9
53, 47, 9
54, 47, 9
55, 47, 9
56, 47, 9
57, 47, 9
58, 47, 9
59, 47, 9
60, 47, 9
61, 47, 9
62, 47, 9
68, 47, 9
84, 47, 9
1, 47, 10
18, 47, 10
19, 47, 10
20, 47, 10
21, 47, 10
22, 47, 10
63, 47, 10
64, 47, 10
65, 47, 10
66, 47, 10
67, 47, 10
84, 47, 10
0, 47, 11
85, 47, 11
0, 47, 12
85, 47, 12
0, 47, 13
85, 47, 13
0, 47, 14
85, 47, 14
0, 47, 15
85, 47, 15
0, 47, 16
18, 47, 16
19, 47, 16
20, 47, 16
21, 47, 16
22, 47, 16
23, 47, 16
24, 47, 16
25, 47, 16
26, 47, 16
27, 47, 16
28, 47, 16
29, 47, 16
30, 47, 16
55, 47, 16
56, 47, 16
57, 47, 16
58, 47, 16
59, 47, 16
60, 47, 16
61, 47, 16
62, 47, 16
63, 47, 16
64, 47, 16
65, 47, 16
66, 47, 16
67, 47, 16
85, 47, 16
0, 47, 17
1, 47, 17
2, 47, 17
3, 47, 17
4, 47, 17
5, 47, 17
6, 47, 17
7, 47, 17
8, 47, 17
14, 47, 17
15, 47, 17
16, 47, 17
17, 47, 17
31, 47, 17
32, 47, 17
33, 47, 17
52, 47, 17
53, 47, 17
54, 47, 17
68, 47, 17
69, 47, 17
70, 47, 17
71, 47, 17
77, 47, 17
78, 47, 17
79, 47, 17
80, 47, 17
81, 47, 17
82, 47, 17
83, 47, 17
84, 47, 17
85, 47, 17
9, 47, 18
10, 47, 18
11, 47, 18
12, 47, 18
13, 47, 18
34, 47, 18
51, 47, 18
72, 47, 18
73, 47, 18
74, 47, 18
75, 47, 18
76, 47, 18
35, 47, 19
50, 47, 19
36, 47, 20
39, 47, 20
46, 47, 20
49, 47, 20
37, 47, 21
38, 47, 21
40, 47, 21
41, 47, 21
42, 47, 21
43, 47, 21
44, 47, 21
45, 47, 21
47, 47, 21
48, 47, 21
38, 48, 7
39, 48, 7
40, 48, 7
42, 48, 7
43, 48, 7
45, 48, 7
46, 48, 7
47, 48, 7
6, 48, 8
7, 48, 8
8, 48, 8
9, 48, 8
10, 48, 8
11, 48, 8
12, 48, 8
36, 48, 8
37, 48, 8
41, 48, 8
44, 48, 8
48, 48, 8
49, 48, 8
73, 48, 8
74, 48, 8
75, 48, 8
76, 48, 8
77, 48, 8
78, 48, 8
79, 48, 8
2, 48, 9
3, 48, 9
4, 48, 9
5, 48, 9
6, 48, 9
7, 48, 9
13, 48, 9
14, 48, 9
15, 48, 9
16, 48, 9
17, 48, 9
32, 48, 9
33, 48, 9
34, 48, 9
35, 48, 9
50, 48, 9
51, 48, 9
52, 48, 9
53, 48, 9
68, 48, 9
69, 48, 9
70, 48, 9
71, 48, 9
72, 48, 9
78, 48, 9
79, 48, 9
80, 48, 9
81, 48, 9
82, 48, 9
83, 48, 9
0, 48, 10
1, 48, 10
2, 48, 10
3, 48, 10
4, 48, 10
5, 48, 10
18, 48, 10
23, 48, 10
24, 48, 10
25, 48, 10
26, 48, 10
27, 48, 10
28, 48, 10
29, 48, 10
30, 48, 10
31, 48, 10
32, 48, 10
33, 48, 10
34, 48, 10
51, 48, 10
52, 48, 10
53, 48, 10
54, 48, 10
55, 48, 10
56, 48, 10
57, 48, 10
58, 48, 10
59, 48, 10
60, 48, 10
61, 48, 10
62, 48, 10
67, 48, 10
80, 48, 10
81, 48, 10
82, 48, 10
83, 48, 10
84, 48, 10
85, 48, 10
0, 48, 11
18, 48, 11
19, 48, 11
20, 48, 11
21, 48, 11
22, 48, 11
23, 48, 11
24, 48, 11
25, 48, 11
26, 48, 11
27, 48, 11
28, 48, 11
29, 48, 11
30, 48, 11
55, 48, 11
56, 48, 11
57, 48, 11
58, 48, 11
59, 48, 11
60, 48, 11
61, 48, 11
62, 48, 11
63, 48, 11
64, 48, 11
65, 48, 11
66, 48, 11
67, 48, 11
85, 48, 11
0, 48, 12
18, 48, 12
19, 48, 12
20, 48, 12
21, 48, 12
22, 48, 12
63, 48, 12
64, 48, 12
65, 48, 12
66, 48, 12
67, 48, 12
85, 48, 12
0, 48, 13
18, 48, 13
19, 48, 13
20, 48, 13
21, 48, 13
22, 48, 13
63, 48, 13
64, 48, 13
65, 48, 13
66, 48, 13
67, 48, 13
85, 48, 13
0, 48, 14
18, 48, 14
19, 48, 14
20, 48, 14
21, 48, 14
22, 48, 14
27, 48, 14
29, 48, 14
56, 48, 14
58, 48, 14
63, 48, 14
64, 48, 14
65, 48, 14
66, 48, 14
67, 48, 14
85, 48, 14
0, 48, 15
4, 48, 15
18, 48, 15
19, 48, 15
20, 48, 15
21, 48, 15
22, 48, 15
23, 48, 15
26, 48, 15
27, 48, 15
28, 48, 15
29, 48, 15
30, 48, 15
55, 48, 15
56, 48, 15
57, 48, 15
58, 48, 15
59, 48, 15
62, 48, 15
63, 48, 15
64, 48, 15
65, 48, 15
66, 48, 15
67, 48, 15
81, 48, 15
85, 48, 15
0, 48, 16
14, 48, 16
17, 48, 16
24, 48, 16
25, 48, 16
26, 48, 16
27, 48, 16
28, 48, 16
29, 48, 16
30, 48, 16
31, 48, 16
32, 48, 16
33, 48, 16
34, 48, 16
51, 48, 16
52, 48, 16
53, 48, 16
54, 48, 16
55, 48, 16
56, 48, 16
57, 48, 16
58, 48, 16
59, 48, 16
60, 48, 16
61, 48, 16
68, 48, 16
71, 48, 16
85, 48, 16
0, 48, 17
1, 48, 17
2, 48, 17
3, 48, 17
4, 48, 17
5, 48, 17
6, 48, 17
7, 48, 17
8, 48, 17
11, 48, 17
12, 48, 17
13, 48, 17
14, 48, 17
15, 48, 17
16, 48, 17
17, 48, 17
34, 48, 17
51, 48, 17
68, 48, 17
69, 48, 17
70, 48, 17
71, 48, 17
72, 48, 17
73, 48, 17
74, 48, 17
77, 48, 17
78, 48, 17
79, 48, 17
80, 48, 17
81, 48, 17
82, 48, 17
83, 48, 17
84, 48, 17
85, 48, 17
9, 48, 18
10, 48, 18
35, 48, 18
50, 48, 18
75, 48, 18
76, 48, 18
36, 48, 19
37, 48, 19
48, 48, 19
49, 48, 19
37, 48, 20
38, 48, 20
39, 48, 20
46, 48, 20
47, 48, 20
48, 48, 20
40, 48, 21
45, 48, 21
40, 48, 22
41, 48, 22
42, 48, 22
43, 48, 22
44, 48, 22
45, 48, 22
41, 48, 23
42, 48, 23
43, 48, 23
44, 48, 23
9, 49, 8
10, 49, 8
37, 49, 8
38, 49, 8
39, 49, 8
40, 49, 8
41, 49, 8
42, 49, 8
43, 49, 8
44, 49, 8
45, 49, 8
46, 49, 8
47, 49, 8
48, 49, 8
75, 49, 8
76, 49, 8
8, 49, 9
9, 49, 9
10, 49, 9
11, 49, 9
12, 49, 9
13, 49, 9
36, 49, 9
37, 49, 9
38, 49, 9
47, 49, 9
48, 49, 9
49, 49, 9
72, 49, 9
73, 49, 9
74, 49, 9
75, 49, 9
76, 49, 9
77, 49, 9
6, 49, 10
7, 49, 10
8, 49, 10
12, 49, 10
13, 49, 10
14, 49, 10
15, 49, 10
16, 49, 10
17, 49, 10
35, 49, 10
36, 49, 10
49, 49, 10
50, 49, 10
68, 49, 10
69, 49, 10
70, 49, 10
71, 49, 10
72, 49, 10
73, 49, 10
77, 49, 10
78, 49, 10
79, 49, 10
1, 49, 11
2, 49, 11
3, 49, 11
4, 49, 11
5, 49, 11
6, 49, 11
13, 49, 11
14, 49, 11
15, 49, 11
16, 49, 11
17, 49, 11
31, 49, 11
32, 49, 11
33, 49, 11
34, 49, 11
35, 49, 11
50, 49, 11
51, 49, 11
52, 49, 11
53, 49, 11
54, 49, 11
68, 49, 11
69, 49, 11
70, 49, 11
71, 49, 11
72, 49, 11
79, 49, 11
80, 49, 11
81, 49, 11
82, 49, 11
83, 49, 11
84, 49, 11
0, 49, 12
1, 49, 12
2, 49, 12
3, 49, 12
4, 49, 12
5, 49, 12
6, 49, 12
7, 49, 12
14, 49, 12
17, 49, 12
23, 49, 12
24, 49, 12
25, 49, 12
26, 49, 12
27, 49, 12
28, 49, 12
29, 49, 12
30, 49, 12
31, 49, 12
32, 49, 12
33, 49, 12
34, 49, 12
35, 49, 12
50, 49, 12
51, 49, 12
52, 49, 12
53, 49, 12
54, 49, 12
55, 49, 12
56, 49, 12
57, 49, 12
58, 49, 12
59, 49, 12
60, 49, 12
61, 49, 12
62, 49, 12
68, 49, 12
71, 49, 12
78, 49, 12
79, 49, 12
80, 49, 12
81, 49, 12
82, 49, 12
83, 49, 12
84, 49, 12
85, 49, 12
0, 49, 13
1, 49, 13
2, 49, 13
3, 49, 13
4, 49, 13
5, 49, 13
6, 49, 13
14, 49, 13
17, 49, 13
23, 49, 13
24, 49, 13
25, 49, 13
26, 49, 13
27, 49, 13
28, 49, 13
29, 49, 13
30, 49, 13
31, 49, 13
32, 49, 13
33, 49, 13
34, 49, 13
51, 49, 13
52, 49, 13
53, 49, 13
54, 49, 13
55, 49, 13
56, 49, 13
57, 49, 13
58, 49, 13
59, 49, 13
60, 49, 13
61, 49, 13
62, 49, 13
68, 49, 13
71, 49, 13
79, 49, 13
80, 49, 13
81, 49, 13
82, 49, 13
83, 49, 13
84, 49, 13
85, 49, 13
0, 49, 14
1, 49, 14
2, 49, 14
3, 49, 14
4, 49, 14
5, 49, 14
6, 49, 14
13, 49, 14
14, 49, 14
15, 49, 14
17, 49, 14
23, 49, 14
24, 49, 14
25, 49, 14
26, 49, 14
28, 49, 14
30, 49, 14
31, 49, 14
32, 49, 14
33, 49, 14
34, 49, 14
51, 49, 14
52, 49, 14
53, 49, 14
54, 49, 14
55, 49, 14
57, 49, 14
59, 49, 14
60, 49, 14
61, 49, 14
62, 49, 14
68, 49, 14
70, 49, 14
71, 49, 14
72, 49, 14
79, 49, 14
80, 49, 14
81, 49, 14
82, 49, 14
83, 49, 14
84, 49, 14
85, 49, 14
0, 49, 15
1, 49, 15
2, 49, 15
3, 49, 15
5, 49, 15
6, 49, 15
7, 49, 15
8, 49, 15
13, 49, 15
14, 49, 15
15, 49, 15
16, 49, 15
17, 49, 15
24, 49, 15
25, 49, 15
31, 49, 15
32, 49, 15
33, 49, 15
34, 49, 15
35, 49, 15
50, 49, 15
51, 49, 15
52, 49, 15
53, 49, 15
54, 49, 15
60, 49, 15
61, 49, 15
68, 49, 15
69, 49, 15
70, 49, 15
71, 49, 15
72, 49, 15
77, 49, 15
78, 49, 15
79, 49, 15
80, 49, 15
82, 49, 15
83, 49, 15
84, 49, 15
85, 49, 15
1, 49, 16
2, 49, 16
3, 49, 16
4, 49, 16
5, 49, 16
6, 49, 16
7, 49, 16
12, 49, 16
13, 49, 16
15, 49, 16
16, 49, 16
17, 49, 16
35, 49, 16
50, 49, 16
68, 49, 16
69, 49, 16
70, 49, 16
72, 49, 16
73, 49, 16
78, 49, 16
79, 49, 16
80, 49, 16
81, 49, 16
82, 49, 16
83, 49, 16
84, 49, 16
7, 49, 17
8, 49, 17
9, 49, 17
10, 49, 17
11, 49, 17
35, 49, 17
50, 49, 17
74, 49, 17
75, 49, 17
76, 49, 17
77, 49, 17
78, 49, 17
36, 49, 18
37, 49, 18
48, 49, 18
49, 49, 18
38, 49, 19
47, 49, 19
38, 49, 20
47, 49, 20
38, 49, 21
39, 49, 21
46, 49, 21
47, 49, 21
39, 49, 22
46, 49, 22
39, 49, 23
40, 49, 23
45, 49, 23
46, 49, 23
40, 49, 24
41, 49, 24
42, 49, 24
43, 49, 24
44, 49, 24
45, 49, 24
39, 50, 9
40, 50, 9
41, 50, 9
42, 50, 9
43, 50, 9
44, 50, 9
45, 50, 9
46, 50, 9
9, 50, 10
10, 50, 10
11, 50, 10
37, 50, 10
38, 50, 10
47, 50, 10
48, 50, 10
74, 50, 10
75, 50, 10
76, 50, 10
7, 50, 11
8, 50, 11
9, 50, 11
10, 50, 11
11, 50, 11
12, 50, 11
36, 50, 11
37, 50, 11
48, 50, 11
49, 50, 11
73, 50, 11
74, 50, 11
75, 50, 11
76, 50, 11
77, 50, 11
78, 50, 11
8, 50, 12
9, 50, 12
10, 50, 12
11, 50, 12
12, 50, 12
13, 50, 12
15, 50, 12
16, 50, 12
17, 50, 12
36, 50, 12
49, 50, 12
68, 50, 12
69, 50, 12
70, 50, 12
72, 50, 12
73, 50, 12
74, 50, 12
75, 50, 12
76, 50, 12
77, 50, 12
7, 50, 13
8, 50, 13
9, 50, 13
10, 50, 13
11, 50, 13
12, 50, 13
13, 50, 13
15, 50, 13
16, 50, 13
17, 50, 13
35, 50, 13
50, 50, 13
68, 50, 13
69, 50, 13
70, 50, 13
72, 50, 13
73, 50, 13
74, 50, 13
75, 50, 13
76, 50, 13
77, 50, 13
78, 50, 13
7, 50, 14
8, 50, 14
9, 50, 14
10, 50, 14
11, 50, 14
12, 50, 14
16, 50, 14
17, 50, 14
35, 50, 14
50, 50, 14
68, 50, 14
69, 50, 14
73, 50, 14
74, 50, 14
75, 50, 14
76, 50, 14
77, 50, 14
78, 50, 14
9, 50, 15
10, 50, 15
11, 50, 15
12, 50, 15
36, 50, 15
49, 50, 15
73, 50, 15
74, 50, 15
75, 50, 15
76, 50, 15
8, 50, 16
9, 50, 16
10, 50, 16
11, 50, 16
36, 50, 16
49, 50, 16
74, 50, 16
75, 50, 16
76, 50, 16
77, 50, 16
36, 50, 17
49, 50, 17
36, 50, 18
49, 50, 18
36, 50, 19
37, 50, 19
48, 50, 19
49, 50, 19
36, 50, 20
37, 50, 20
48, 50, 20
49, 50, 20
36, 50, 21
37, 50, 21
48, 50, 21
49, 50, 21
37, 50, 22
38, 50, 22
47, 50, 22
48, 50, 22
38, 50, 23
47, 50, 23
39, 50, 24
40, 50, 24
45, 50, 24
46, 50, 24
41, 50, 25
42, 50, 25
43, 50, 25
44, 50, 25
40, 51, 7
41, 51, 7
44, 51, 7
45, 51, 7
40, 51, 8
41, 51, 8
44, 51, 8
45, 51, 8
40, 51, 9
42, 51, 9
43, 51, 9
45, 51, 9
39, 51, 10
46, 51, 10
38, 51, 11
47, 51, 11
37, 51, 12
48, 51, 12
36, 51, 13
49, 51, 13
36, 51, 14
49, 51, 14
35, 51, 15
50, 51, 15
35, 51, 16
50, 51, 16
34, 51, 17
35, 51, 17
50, 51, 17
51, 51, 17
34, 51, 18
35, 51, 18
50, 51, 18
51, 51, 18
34, 51, 19
35, 51, 19
50, 51, 19
51, 51, 19
35, 51, 20
50, 51, 20
35, 51, 21
50, 51, 21
36, 51, 22
49, 51, 22
36, 51, 23
37, 51, 23
48, 51, 23
49, 51, 23
38, 51, 24
39, 51, 24
46, 51, 24
47, 51, 24
40, 51, 25
45, 51, 25
41, 51, 26
42, 51, 26
43, 51, 26
44, 51, 26
39, 52, 4
40, 52, 4
41, 52, 4
44, 52, 4
45, 52, 4
46, 52, 4
38, 52, 5
39, 52, 5
40, 52, 5
41, 52, 5
42, 52, 5
43, 52, 5
44, 52, 5
45, 52, 5
46, 52, 5
47, 52, 5
38, 52, 6
39, 52, 6
40, 52, 6
41, 52, 6
42, 52, 6
43, 52, 6
44, 52, 6
45, 52, 6
46, 52, 6
47, 52, 6
38, 52, 7
39, 52, 7
42, 52, 7
43, 52, 7
46, 52, 7
47, 52, 7
38, 52, 8
39, 52, 8
42, 52, 8
43, 52, 8
46, 52, 8
47, 52, 8
39, 52, 9
46, 52, 9
38, 52, 10
47, 52, 10
37, 52, 11
48, 52, 11
36, 52, 12
49, 52, 12
35, 52, 13
50, 52, 13
34, 52, 14
35, 52, 14
50, 52, 14
51, 52, 14
34, 52, 15
51, 52, 15
34, 52, 16
51, 52, 16
33, 52, 17
52, 52, 17
33, 52, 18
52, 52, 18
34, 52, 19
51, 52, 19
34, 52, 20
51, 52, 20
34, 52, 21
51, 52, 21
34, 52, 22
35, 52, 22
50, 52, 22
51, 52, 22
35, 52, 23
50, 52, 23
36, 52, 24
37, 52, 24
38, 52, 24
47, 52, 24
48, 52, 24
49, 52, 24
39, 52, 25
46, 52, 25
40, 52, 26
45, 52, 26
40, 52, 27
41, 52, 27
42, 52, 27
43, 52, 27
44, 52, 27
45, 52, 27
39, 53, 3
40, 53, 3
45, 53, 3
46, 53, 3
38, 53, 4
41, 53, 4
44, 53, 4
47, 53, 4
38, 53, 5
42, 53, 5
43, 53, 5
47, 53, 5
38, 53, 6
47, 53, 6
34, 53, 7
35, 53, 7
36, 53, 7
38, 53, 7
47, 53, 7
49, 53, 7
50, 53, 7
51, 53, 7
33, 53, 8
34, 53, 8
35, 53, 8
36, 53, 8
37, 53, 8
48, 53, 8
49, 53, 8
50, 53, 8
51, 53, 8
52, 53, 8
33, 53, 9
34, 53, 9
35, 53, 9
36, 53, 9
37, 53, 9
38, 53, 9
47, 53, 9
48, 53, 9
49, 53, 9
50, 53, 9
51, 53, 9
52, 53, 9
34, 53, 10
35, 53, 10
36, 53, 10
37, 53, 10
48, 53, 10
49, 53, 10
50, 53, 10
51, 53, 10
35, 53, 11
36, 53, 11
49, 53, 11
50, 53, 11
35, 53, 12
50, 53, 12
34, 53, 13
51, 53, 13
33, 53, 14
52, 53, 14
33, 53, 15
52, 53, 15
33, 53, 16
52, 53, 16
33, 53, 17
52, 53, 17
33, 53, 18
52, 53, 18
33, 53, 19
52, 53, 19
33, 53, 20
52, 53, 20
33, 53, 21
52, 53, 21
34, 53, 22
51, 53, 22
34, 53, 23
51, 53, 23
35, 53, 24
36, 53, 24
49, 53, 24
50, 53, 24
37, 53, 25
38, 53, 25
47, 53, 25
48, 53, 25
37, 53, 26
38, 53, 26
39, 53, 26
46, 53, 26
47, 53, 26
48, 53, 26
39, 53, 27
46, 53, 27
40, 53, 28
41, 53, 28
42, 53, 28
43, 53, 28
44, 53, 28
45, 53, 28
39, 54, 3
40, 54, 3
45, 54, 3
46, 54, 3
38, 54, 4
41, 54, 4
44, 54, 4
47, 54, 4
38, 54, 5
42, 54, 5
43, 54, 5
47, 54, 5
33, 54, 6
34, 54, 6
35, 54, 6
38, 54, 6
47, 54, 6
50, 54, 6
51, 54, 6
52, 54, 6
33, 54, 7
36, 54, 7
37, 54, 7
48, 54, 7
49, 54, 7
52, 54, 7
33, 54, 8
52, 54, 8
33, 54, 9
52, 54, 9
34, 54, 10
51, 54, 10
34, 54, 11
51, 54, 11
34, 54, 12
51, 54, 12
34, 54, 13
51, 54, 13
33, 54, 14
52, 54, 14
32, 54, 15
53, 54, 15
32, 54, 16
53, 54, 16
32, 54, 17
53, 54, 17
32, 54, 18
53, 54, 18
32, 54, 19
53, 54, 19
32, 54, 20
53, 54, 20
33, 54, 21
52, 54, 21
33, 54, 22
52, 54, 22
34, 54, 23
51, 54, 23
35, 54, 24
50, 54, 24
36, 54, 25
49, 54, 25
36, 54, 26
49, 54, 26
37, 54, 27
38, 54, 27
47, 54, 27
48, 54, 27
39, 54, 28
46, 54, 28
40, 54, 29
41, 54, 29
42, 54, 29
43, 54, 29
44, 54, 29
45, 54, 29
39, 54, 30
40, 54, 30
41, 54, 30
42, 54, 30
43, 54, 30
44, 54, 30
45, 54, 30
46, 54, 30
40, 54, 31
41, 54, 31
42, 54, 31
43, 54, 31
44, 54, 31
45, 54, 31
40, 54, 32
41, 54, 32
42, 54, 32
43, 54, 32
44, 54, 32
45, 54, 32
38, 55, 4
39, 55, 4
40, 55, 4
41, 55, 4
44, 55, 4
45, 55, 4
46, 55, 4
47, 55, 4
38, 55, 5
42, 55, 5
43, 55, 5
47, 55, 5
33, 55, 6
34, 55, 6
35, 55, 6
36, 55, 6
38, 55, 6
47, 55, 6
49, 55, 6
50, 55, 6
51, 55, 6
52, 55, 6
33, 55, 7
37, 55, 7
48, 55, 7
52, 55, 7
33, 55, 8
52, 55, 8
33, 55, 9
52, 55, 9
34, 55, 10
51, 55, 10
34, 55, 11
51, 55, 11
30, 55, 12
31, 55, 12
32, 55, 12
34, 55, 12
51, 55, 12
53, 55, 12
54, 55, 12
55, 55, 12
31, 55, 13
32, 55, 13
33, 55, 13
52, 55, 13
53, 55, 13
54, 55, 13
31, 55, 14
32, 55, 14
53, 55, 14
54, 55, 14
32, 55, 15
53, 55, 15
32, 55, 16
53, 55, 16
32, 55, 17
53, 55, 17
32, 55, 18
53, 55, 18
32, 55, 19
53, 55, 19
32, 55, 20
53, 55, 20
32, 55, 21
53, 55, 21
33, 55, 22
52, 55, 22
34, 55, 23
51, 55, 23
34, 55, 24
51, 55, 24
35, 55, 25
50, 55, 25
36, 55, 26
49, 55, 26
37, 55, 27
38, 55, 27
47, 55, 27
48, 55, 27
39, 55, 28
46, 55, 28
39, 55, 29
46, 55, 29
39, 55, 30
46, 55, 30
39, 55, 31
46, 55, 31
39, 55, 32
46, 55, 32
40, 55, 33
41, 55, 33
42, 55, 33
43, 55, 33
44, 55, 33
45, 55, 33
41, 56, 4
42, 56, 4
43, 56, 4
44, 56, 4
38, 56, 5
39, 56, 5
40, 56, 5
45, 56, 5
46, 56, 5
47, 56, 5
36, 56, 6
37, 56, 6
48, 56, 6
49, 56, 6
33, 56, 7
34, 56, 7
35, 56, 7
50, 56, 7
51, 56, 7
52, 56, 7
33, 56, 8
52, 56, 8
33, 56, 9
52, 56, 9
30, 56, 10
34, 56, 10
51, 56, 10
55, 56, 10
29, 56, 11
30, 56, 11
31, 56, 11
32, 56, 11
33, 56, 11
52, 56, 11
53, 56, 11
54, 56, 11
55, 56, 11
56, 56, 11
29, 56, 12
33, 56, 12
52, 56, 12
56, 56, 12
30, 56, 13
55, 56, 13
31, 56, 14
54, 56, 14
32, 56, 15
53, 56, 15
32, 56, 16
53, 56, 16
32, 56, 17
53, 56, 17
32, 56, 18
53, 56, 18
32, 56, 19
53, 56, 19
32, 56, 20
53, 56, 20
32, 56, 21
53, 56, 21
33, 56, 22
52, 56, 22
34, 56, 23
51, 56, 23
34, 56, 24
51, 56, 24
34, 56, 25
51, 56, 25
35, 56, 26
36, 56, 26
49, 56, 26
50, 56, 26
37, 56, 27
48, 56, 27
38, 56, 28
47, 56, 28
38, 56, 29
47, 56, 29
38, 56, 30
47, 56, 30
38, 56, 31
47, 56, 31
39, 56, 32
46, 56, 32
40, 56, 33
41, 56, 33
42, 56, 33
43, 56, 33
44, 56, 33
45, 56, 33
39, 57, 4
40, 57, 4
41, 57, 4
42, 57, 4
43, 57, 4
44, 57, 4
45, 57, 4
46, 57, 4
37, 57, 5
38, 57, 5
47, 57, 5
48, 57, 5
36, 57, 6
49, 57, 6
35, 57, 7
50, 57, 7
34, 57, 8
51, 57, 8
33, 57, 9
52, 57, 9
28, 57, 10
29, 57, 10
30, 57, 10
31, 57, 10
33, 57, 10
52, 57, 10
54, 57, 10
55, 57, 10
56, 57, 10
57, 57, 10
29, 57, 11
32, 57, 11
53, 57, 11
56, 57, 11
29, 57, 12
56, 57, 12
30, 57, 13
55, 57, 13
31, 57, 14
54, 57, 14
32, 57, 15
53, 57, 15
32, 57, 16
53, 57, 16
31, 57, 17
54, 57, 17
32, 57, 18
53, 57, 18
32, 57, 19
53, 57, 19
32, 57, 20
53, 57, 20
32, 57, 21
53, 57, 21
33, 57, 22
52, 57, 22
34, 57, 23
51, 57, 23
34, 57, 24
51, 57, 24
34, 57, 25
51, 57, 25
35, 57, 26
36, 57, 26
37, 57, 26
38, 57, 26
47, 57, 26
48, 57, 26
49, 57, 26
50, 57, 26
38, 57, 27
47, 57, 27
38, 57, 28
47, 57, 28
38, 57, 29
47, 57, 29
38, 57, 30
47, 57, 30
38, 57, 31
47, 57, 31
38, 57, 32
47, 57, 32
39, 57, 33
40, 57, 33
41, 57, 33
44, 57, 33
45, 57, 33
46, 57, 33
42, 57, 34
43, 57, 34
42, 58, 3
43, 58, 3
38, 58, 4
39, 58, 4
40, 58, 4
41, 58, 4
44, 58, 4
45, 58, 4
46, 58, 4
47, 58, 4
36, 58, 5
37, 58, 5
48, 58, 5
49, 58, 5
35, 58, 6
50, 58, 6
34, 58, 7
51, 58, 7
33, 58, 8
52, 58, 8
29, 58, 9
30, 58, 9
33, 58, 9
52, 58, 9
55, 58, 9
56, 58, 9
28, 58, 10
31, 58, 10
32, 58, 10
53, 58, 10
54, 58, 10
57, 58, 10
28, 58, 11
57, 58, 11
29, 58, 12
30, 58, 12
55, 58, 12
56, 58, 12
31, 58, 13
54, 58, 13
31, 58, 14
54, 58, 14
32, 58, 15
53, 58, 15
31, 58, 16
54, 58, 16
31, 58, 17
54, 58, 17
31, 58, 18
54, 58, 18
32, 58, 19
53, 58, 19
32, 58, 20
53, 58, 20
33, 58, 21
52, 58, 21
33, 58, 22
52, 58, 22
34, 58, 23
51, 58, 23
34, 58, 24
51, 58, 24
35, 58, 25
36, 58, 25
37, 58, 25
38, 58, 25
47, 58, 25
48, 58, 25
49, 58, 25
50, 58, 25
39, 58, 26
46, 58, 26
38, 58, 27
47, 58, 27
38, 58, 28
47, 58, 28
38, 58, 29
47, 58, 29
38, 58, 30
47, 58, 30
38, 58, 31
47, 58, 31
39, 58, 32
46, 58, 32
39, 58, 33
40, 58, 33
41, 58, 33
42, 58, 33
43, 58, 33
44, 58, 33
45, 58, 33
46, 58, 33
41, 59, 3
42, 59, 3
43, 59, 3
44, 59, 3
37, 59, 4
38, 59, 4
39, 59, 4
40, 59, 4
45, 59, 4
46, 59, 4
47, 59, 4
48, 59, 4
36, 59, 5
49, 59, 5
35, 59, 6
50, 59, 6
34, 59, 7
51, 59, 7
33, 59, 8
52, 59, 8
28, 59, 9
29, 59, 9
30, 59, 9
33, 59, 9
52, 59, 9
55, 59, 9
56, 59, 9
57, 59, 9
28, 59, 10
31, 59, 10
32, 59, 10
53, 59, 10
54, 59, 10
57, 59, 10
28, 59, 11
57, 59, 11
29, 59, 12
30, 59, 12
55, 59, 12
56, 59, 12
31, 59, 13
54, 59, 13
31, 59, 14
54, 59, 14
32, 59, 15
53, 59, 15
31, 59, 16
54, 59, 16
31, 59, 17
54, 59, 17
31, 59, 18
54, 59, 18
32, 59, 19
53, 59, 19
33, 59, 20
52, 59, 20
33, 59, 21
52, 59, 21
33, 59, 22
52, 59, 22
34, 59, 23
51, 59, 23
34, 59, 24
35, 59, 24
36, 59, 24
37, 59, 24
38, 59, 24
47, 59, 24
48, 59, 24
49, 59, 24
50, 59, 24
51, 59, 24
39, 59, 25
46, 59, 25
39, 59, 26
46, 59, 26
39, 59, 27
46, 59, 27
39, 59, 28
46, 59, 28
38, 59, 29
47, 59, 29
38, 59, 30
47, 59, 30
39, 59, 31
46, 59, 31
39, 59, 32
46, 59, 32
40, 59, 33
41, 59, 33
42, 59, 33
43, 59, 33
44, 59, 33
45, 59, 33
41, 60, 3
42, 60, 3
43, 60, 3
44, 60, 3
37, 60, 4
38, 60, 4
39, 60, 4
40, 60, 4
45, 60, 4
46, 60, 4
47, 60, 4
48, 60, 4
36, 60, 5
49, 60, 5
35, 60, 6
50, 60, 6
34, 60, 7
51, 60, 7
33, 60, 8
52, 60, 8
28, 60, 9
29, 60, 9
30, 60, 9
32, 60, 9
53, 60, 9
55, 60, 9
56, 60, 9
57, 60, 9
27, 60, 10
31, 60, 10
54, 60, 10
58, 60, 10
27, 60, 11
58, 60, 11
28, 60, 12
29, 60, 12
30, 60, 12
55, 60, 12
56, 60, 12
57, 60, 12
31, 60, 13
54, 60, 13
31, 60, 14
54, 60, 14
31, 60, 15
54, 60, 15
31, 60, 16
54, 60, 16
31, 60, 17
54, 60, 17
31, 60, 18
54, 60, 18
32, 60, 19
53, 60, 19
32, 60, 20
53, 60, 20
33, 60, 21
52, 60, 21
34, 60, 22
51, 60, 22
35, 60, 23
36, 60, 23
49, 60, 23
50, 60, 23
37, 60, 24
38, 60, 24
47, 60, 24
48, 60, 24
39, 60, 25
46, 60, 25
40, 60, 26
45, 60, 26
40, 60, 27
41, 60, 27
42, 60, 27
43, 60, 27
44, 60, 27
45, 60, 27
39, 60, 28
40, 60, 28
41, 60, 28
42, 60, 28
43, 60, 28
44, 60, 28
45, 60, 28
46, 60, 28
39, 60, 29
40, 60, 29
45, 60, 29
46, 60, 29
39, 60, 30
40, 60, 30
45, 60, 30
46, 60, 30
39, 60, 31
40, 60, 31
41, 60, 31
42, 60, 31
43, 60, 31
44, 60, 31
45, 60, 31
46, 60, 31
40, 60, 32
41, 60, 32
42, 60, 32
43, 60, 32
44, 60, 32
45, 60, 32
42, 60, 33
43, 60, 33
39, 61, 2
40, 61, 2
41, 61, 2
42, 61, 2
43, 61, 2
44, 61, 2
45, 61, 2
46, 61, 2
37, 61, 3
38, 61, 3
39, 61, 3
40, 61, 3
45, 61, 3
46, 61, 3
47, 61, 3
48, 61, 3
36, 61, 4
49, 61, 4
35, 61, 5
50, 61, 5
34, 61, 6
51, 61, 6
34, 61, 7
51, 61, 7
33, 61, 8
52, 61, 8
28, 61, 9
29, 61, 9
30, 61, 9
32, 61, 9
53, 61, 9
55, 61, 9
56, 61, 9
57, 61, 9
27, 61, 10
31, 61, 10
54, 61, 10
58, 61, 10
27, 61, 11
58, 61, 11
27, 61, 12
28, 61, 12
29, 61, 12
56, 61, 12
57, 61, 12
58, 61, 12
30, 61, 13
55, 61, 13
31, 61, 14
54, 61, 14
31, 61, 15
54, 61, 15
31, 61, 16
54, 61, 16
31, 61, 17
54, 61, 17
31, 61, 18
54, 61, 18
32, 61, 19
53, 61, 19
32, 61, 20
33, 61, 20
52, 61, 20
53, 61, 20
34, 61, 21
51, 61, 21
34, 61, 22
51, 61, 22
35, 61, 23
36, 61, 23
49, 61, 23
50, 61, 23
37, 61, 24
48, 61, 24
38, 61, 25
39, 61, 25
40, 61, 25
45, 61, 25
46, 61, 25
47, 61, 25
41, 61, 26
42, 61, 26
43, 61, 26
44, 61, 26
41, 61, 29
42, 61, 29
43, 61, 29
44, 61, 29
41, 61, 30
42, 61, 30
43, 61, 30
44, 61, 30
39, 62, 1
40, 62, 1
41, 62, 1
42, 62, 1
43, 62, 1
44, 62, 1
45, 62, 1
46, 62, 1
36, 62, 2
37, 62, 2
38, 62, 2
47, 62, 2
48, 62, 2
49, 62, 2
35, 62, 3
36, 62, 3
49, 62, 3
50, 62, 3
34, 62, 4
35, 62, 4
50, 62, 4
51, 62, 4
33, 62, 5
34, 62, 5
51, 62, 5
52, 62, 5
33, 62, 6
52, 62, 6
32, 62, 7
33, 62, 7
52, 62, 7
53, 62, 7
32, 62, 8
53, 62, 8
29, 62, 9
32, 62, 9
53, 62, 9
56, 62, 9
27, 62, 10
28, 62, 10
30, 62, 10
31, 62, 10
54, 62, 10
55, 62, 10
57, 62, 10
58, 62, 10
27, 62, 11
58, 62, 11
28, 62, 12
57, 62, 12
29, 62, 13
56, 62, 13
30, 62, 14
55, 62, 14
31, 62, 15
54, 62, 15
31, 62, 16
54, 62, 16
31, 62, 17
54, 62, 17
31, 62, 18
54, 62, 18
32, 62, 19
53, 62, 19
32, 62, 20
33, 62, 20
52, 62, 20
53, 62, 20
34, 62, 21
51, 62, 21
34, 62, 22
51, 62, 22
35, 62, 23
36, 62, 23
49, 62, 23
50, 62, 23
37, 62, 24
48, 62, 24
38, 62, 25
39, 62, 25
40, 62, 25
44, 62, 25
45, 62, 25
46, 62, 25
47, 62, 25
41, 62, 26
42, 62, 26
43, 62, 26
40, 63, 0
41, 63, 0
42, 63, 0
43, 63, 0
44, 63, 0
45, 63, 0
37, 63, 1
38, 63, 1
39, 63, 1
46, 63, 1
47, 63, 1
48, 63, 1
35, 63, 2
36, 63, 2
49, 63, 2
50, 63, 2
34, 63, 3
51, 63, 3
33, 63, 4
52, 63, 4
32, 63, 5
53, 63, 5
32, 63, 6
53, 63, 6
31, 63, 7
54, 63, 7
31, 63, 8
54, 63, 8
31, 63, 9
54, 63, 9
28, 63, 10
29, 63, 10
30, 63, 10
55, 63, 10
56, 63, 10
57, 63, 10
27, 63, 11
58, 63, 11
28, 63, 12
57, 63, 12
28, 63, 13
57, 63, 13
29, 63, 14
30, 63, 14
55, 63, 14
56, 63, 14
31, 63, 15
54, 63, 15
31, 63, 16
54, 63, 16
31, 63, 17
54, 63, 17
31, 63, 18
54, 63, 18
32, 63, 19
53, 63, 19
33, 63, 20
52, 63, 20
34, 63, 21
51, 63, 21
34, 63, 22
51, 63, 22
35, 63, 23
50, 63, 23
36, 63, 24
37, 63, 24
48, 63, 24
49, 63, 24
38, 63, 25
39, 63, 25
40, 63, 25
45, 63, 25
46, 63, 25
47, 63, 25
41, 63, 26
42, 63, 26
43, 63, 26
44, 63, 26
39, 64, 0
40, 64, 0
41, 64, 0
42, 64, 0
43, 64, 0
44, 64, 0
45, 64, 0
46, 64, 0
36, 64, 1
37, 64, 1
38, 64, 1
47, 64, 1
48, 64, 1
49, 64, 1
35, 64, 2
50, 64, 2
34, 64, 3
51, 64, 3
33, 64, 4
52, 64, 4
32, 64, 5
53, 64, 5
31, 64, 6
54, 64, 6
31, 64, 7
54, 64, 7
30, 64, 8
55, 64, 8
30, 64, 9
55, 64, 9
29, 64, 10
56, 64, 10
28, 64, 11
57, 64, 11
28, 64, 12
57, 64, 12
28, 64, 13
29, 64, 13
56, 64, 13
57, 64, 13
30, 64, 14
55, 64, 14
30, 64, 15
55, 64, 15
31, 64, 16
54, 64, 16
31, 64, 17
54, 64, 17
32, 64, 18
53, 64, 18
32, 64, 19
53, 64, 19
33, 64, 20
52, 64, 20
34, 64, 21
51, 64, 21
34, 64, 22
51, 64, 22
35, 64, 23
50, 64, 23
36, 64, 24
37, 64, 24
48, 64, 24
49, 64, 24
38, 64, 25
39, 64, 25
46, 64, 25
47, 64, 25
40, 64, 26
41, 64, 26
42, 64, 26
43, 64, 26
44, 64, 26
45, 64, 26
38, 65, 0
39, 65, 0
40, 65, 0
41, 65, 0
42, 65, 0
43, 65, 0
44, 65, 0
45, 65, 0
46, 65, 0
47, 65, 0
36, 65, 1
37, 65, 1
48, 65, 1
49, 65, 1
35, 65, 2
50, 65, 2
33, 65, 3
34, 65, 3
51, 65, 3
52, 65, 3
32, 65, 4
53, 65, 4
32, 65, 5
53, 65, 5
31, 65, 6
54, 65, 6
30, 65, 7
55, 65, 7
30, 65, 8
55, 65, 8
29, 65, 9
56, 65, 9
29, 65, 10
56, 65, 10
29, 65, 11
56, 65, 11
29, 65, 12
56, 65, 12
29, 65, 13
56, 65, 13
29, 65, 14
56, 65, 14
29, 65, 15
56, 65, 15
30, 65, 16
55, 65, 16
30, 65, 17
55, 65, 17
31, 65, 18
54, 65, 18
32, 65, 19
53, 65, 19
33, 65, 20
52, 65, 20
33, 65, 21
52, 65, 21
34, 65, 22
51, 65, 22
35, 65, 23
50, 65, 23
36, 65, 24
49, 65, 24
37, 65, 25
38, 65, 25
47, 65, 25
48, 65, 25
39, 65, 26
40, 65, 26
41, 65, 26
42, 65, 26
43, 65, 26
44, 65, 26
45, 65, 26
46, 65, 26
37, 66, 0
38, 66, 0
39, 66, 0
40, 66, 0
41, 66, 0
42, 66, 0
43, 66, 0
44, 66, 0
45, 66, 0
46, 66, 0
47, 66, 0
48, 66, 0
36, 66, 1
49, 66, 1
34, 66, 2
35, 66, 2
50, 66, 2
51, 66, 2
33, 66, 3
52, 66, 3
32, 66, 4
53, 66, 4
32, 66, 5
53, 66, 5
31, 66, 6
54, 66, 6
30, 66, 7
55, 66, 7
30, 66, 8
55, 66, 8
29, 66, 9
56, 66, 9
29, 66, 10
56, 66, 10
29, 66, 11
56, 66, 11
29, 66, 12
56, 66, 12
29, 66, 13
56, 66, 13
29, 66, 14
56, 66, 14
29, 66, 15
56, 66, 15
29, 66, 16
56, 66, 16
30, 66, 17
55, 66, 17
30, 66, 18
55, 66, 18
31, 66, 19
54, 66, 19
31, 66, 20
32, 66, 20
53, 66, 20
54, 66, 20
32, 66, 21
53, 66, 21
31, 66, 22
32, 66, 22
33, 66, 22
52, 66, 22
53, 66, 22
54, 66, 22
31, 66, 23
32, 66, 23
33, 66, 23
34, 66, 23
51, 66, 23
52, 66, 23
53, 66, 23
54, 66, 23
32, 66, 24
33, 66, 24
34, 66, 24
35, 66, 24
50, 66, 24
51, 66, 24
52, 66, 24
53, 66, 24
32, 66, 25
33, 66, 25
34, 66, 25
36, 66, 25
37, 66, 25
48, 66, 25
49, 66, 25
51, 66, 25
52, 66, 25
53, 66, 25
32, 66, 26
33, 66, 26
34, 66, 26
38, 66, 26
39, 66, 26
40, 66, 26
41, 66, 26
42, 66, 26
43, 66, 26
44, 66, 26
45, 66, 26
46, 66, 26
47, 66, 26
51, 66, 26
52, 66, 26
53, 66, 26
32, 66, 27
33, 66, 27
34, 66, 27
51, 66, 27
52, 66, 27
53, 66, 27
33, 66, 28
34, 66, 28
51, 66, 28
52, 66, 28
37, 67, 0
38, 67, 0
39, 67, 0
40, 67, 0
41, 67, 0
42, 67, 0
43, 67, 0
44, 67, 0
45, 67, 0
46, 67, 0
47, 67, 0
48, 67, 0
36, 67, 1
49, 67, 1
35, 67, 2
50, 67, 2
34, 67, 3
51, 67, 3
33, 67, 4
52, 67, 4
32, 67, 5
53, 67, 5
31, 67, 6
54, 67, 6
31, 67, 7
54, 67, 7
30, 67, 8
55, 67, 8
29, 67, 9
56, 67, 9
29, 67, 10
56, 67, 10
29, 67, 11
56, 67, 11
29, 67, 12
56, 67, 12
29, 67, 13
56, 67, 13
29, 67, 14
56, 67, 14
29, 67, 15
56, 67, 15
29, 67, 16
56, 67, 16
29, 67, 17
56, 67, 17
30, 67, 18
55, 67, 18
30, 67, 19
55, 67, 19
30, 67, 20
55, 67, 20
31, 67, 21
54, 67, 21
32, 67, 22
53, 67, 22
32, 67, 23
53, 67, 23
32, 67, 24
53, 67, 24
32, 67, 25
35, 67, 25
40, 67, 25
41, 67, 25
44, 67, 25
45, 67, 25
50, 67, 25
53, 67, 25
32, 67, 26
35, 67, 26
36, 67, 26
37, 67, 26
39, 67, 26
42, 67, 26
43, 67, 26
46, 67, 26
48, 67, 26
49, 67, 26
50, 67, 26
53, 67, 26
32, 67, 27
35, 67, 27
36, 67, 27
37, 67, 27
38, 67, 27
47, 67, 27
48, 67, 27
49, 67, 27
50, 67, 27
53, 67, 27
33, 67, 28
35, 67, 28
36, 67, 28
37, 67, 28
48, 67, 28
49, 67, 28
50, 67, 28
52, 67, 28
33, 67, 29
34, 67, 29
35, 67, 29
36, 67, 29
37, 67, 29
48, 67, 29
49, 67, 29
50, 67, 29
51, 67, 29
52, 67, 29
34, 67, 30
35, 67, 30
36, 67, 30
37, 67, 30
48, 67, 30
49, 67, 30
50, 67, 30
51, 67, 30
35, 67, 31
36, 67, 31
49, 67, 31
50, 67, 31
38, 68, 0
39, 68, 0
40, 68, 0
41, 68, 0
42, 68, 0
43, 68, 0
44, 68, 0
45, 68, 0
46, 68, 0
47, 68, 0
36, 68, 1
37, 68, 1
48, 68, 1
49, 68, 1
35, 68, 2
50, 68, 2
34, 68, 3
51, 68, 3
33, 68, 4
34, 68, 4
51, 68, 4
52, 68, 4
32, 68, 5
33, 68, 5
52, 68, 5
53, 68, 5
32, 68, 6
53, 68, 6
31, 68, 7
54, 68, 7
30, 68, 8
55, 68, 8
30, 68, 9
55, 68, 9
29, 68, 10
56, 68, 10
29, 68, 11
56, 68, 11
29, 68, 12
56, 68, 12
29, 68, 13
56, 68, 13
29, 68, 14
56, 68, 14
29, 68, 15
56, 68, 15
29, 68, 16
56, 68, 16
29, 68, 17
56, 68, 17
29, 68, 18
56, 68, 18
30, 68, 19
55, 68, 19
30, 68, 20
55, 68, 20
31, 68, 21
54, 68, 21
32, 68, 22
53, 68, 22
33, 68, 23
52, 68, 23
33, 68, 24
52, 68, 24
33, 68, 25
52, 68, 25
33, 68, 26
40, 68, 26
41, 68, 26
44, 68, 26
45, 68, 26
52, 68, 26
33, 68, 27
39, 68, 27
40, 68, 27
41, 68, 27
42, 68, 27
43, 68, 27
44, 68, 27
45, 68, 27
46, 68, 27
52, 68, 27
34, 68, 28
38, 68, 28
39, 68, 28
40, 68, 28
41, 68, 28
42, 68, 28
43, 68, 28
44, 68, 28
45, 68, 28
46, 68, 28
47, 68, 28
51, 68, 28
34, 68, 29
38, 68, 29
39, 68, 29
40, 68, 29
41, 68, 29
42, 68, 29
43, 68, 29
44, 68, 29
45, 68, 29
46, 68, 29
47, 68, 29
51, 68, 29
34, 68, 30
35, 68, 30
38, 68, 30
39, 68, 30
40, 68, 30
41, 68, 30
42, 68, 30
43, 68, 30
44, 68, 30
45, 68, 30
46, 68, 30
47, 68, 30
50, 68, 30
51, 68, 30
34, 68, 31
35, 68, 31
37, 68, 31
38, 68, 31
39, 68, 31
40, 68, 31
41, 68, 31
42, 68, 31
43, 68, 31
44, 68, 31
45, 68, 31
46, 68, 31
47, 68, 31
48, 68, 31
50, 68, 31
51, 68, 31
36, 68, 32
37, 68, 32
38, 68, 32
39, 68, 32
40, 68, 32
41, 68, 32
42, 68, 32
43, 68, 32
44, 68, 32
45, 68, 32
46, 68, 32
47, 68, 32
48, 68, 32
49, 68, 32
38, 68, 33
39, 68, 33
40, 68, 33
41, 68, 33
42, 68, 33
43, 68, 33
44, 68, 33
45, 68, 33
46, 68, 33
47, 68, 33
40, 69, 0
41, 69, 0
42, 69, 0
43, 69, 0
44, 69, 0
45, 69, 0
38, 69, 1
39, 69, 1
46, 69, 1
47, 69, 1
36, 69, 2
37, 69, 2
48, 69, 2
49, 69, 2
35, 69, 3
36, 69, 3
49, 69, 3
50, 69, 3
35, 69, 4
36, 69, 4
49, 69, 4
50, 69, 4
34, 69, 5
51, 69, 5
32, 69, 6
33, 69, 6
52, 69, 6
53, 69, 6
31, 69, 7
54, 69, 7
30, 69, 8
55, 69, 8
30, 69, 9
55, 69, 9
30, 69, 10
55, 69, 10
29, 69, 11
56, 69, 11
29, 69, 12
56, 69, 12
29, 69, 13
56, 69, 13
29, 69, 14
56, 69, 14
29, 69, 15
56, 69, 15
29, 69, 16
56, 69, 16
29, 69, 17
56, 69, 17
29, 69, 18
56, 69, 18
30, 69, 19
55, 69, 19
30, 69, 20
55, 69, 20
31, 69, 21
54, 69, 21
32, 69, 22
53, 69, 22
32, 69, 23
33, 69, 23
52, 69, 23
53, 69, 23
34, 69, 24
51, 69, 24
34, 69, 25
51, 69, 25
34, 69, 26
35, 69, 26
50, 69, 26
51, 69, 26
34, 69, 27
35, 69, 27
50, 69, 27
51, 69, 27
35, 69, 28
36, 69, 28
49, 69, 28
50, 69, 28
35, 69, 29
36, 69, 29
49, 69, 29
50, 69, 29
36, 69, 30
37, 69, 30
48, 69, 30
49, 69, 30
36, 69, 31
37, 69, 31
38, 69, 31
39, 69, 31
46, 69, 31
47, 69, 31
48, 69, 31
49, 69, 31
37, 69, 32
38, 69, 32
39, 69, 32
40, 69, 32
41, 69, 32
44, 69, 32
45, 69, 32
46, 69, 32
47, 69, 32
48, 69, 32
38, 69, 33
39, 69, 33
40, 69, 33
41, 69, 33
42, 69, 33
43, 69, 33
44, 69, 33
45, 69, 33
46, 69, 33
47, 69, 33
40, 70, 1
41, 70, 1
42, 70, 1
43, 70, 1
44, 70, 1
45, 70, 1
38, 70, 2
39, 70, 2
40, 70, 2
41, 70, 2
42, 70, 2
43, 70, 2
44, 70, 2
45, 70, 2
46, 70, 2
47, 70, 2
37, 70, 3
38, 70, 3
39, 70, 3
40, 70, 3
41, 70, 3
42, 70, 3
43, 70, 3
44, 70, 3
45, 70, 3
46, 70, 3
47, 70, 3
48, 70, 3
37, 70, 4
38, 70, 4
39, 70, 4
40, 70, 4
45, 70, 4
46, 70, 4
47, 70, 4
48, 70, 4
35, 70, 5
36, 70, 5
49, 70, 5
50, 70, 5
33, 70, 6
34, 70, 6
51, 70, 6
52, 70, 6
32, 70, 7
53, 70, 7
31, 70, 8
54, 70, 8
31, 70, 9
54, 70, 9
30, 70, 10
55, 70, 10
30, 70, 11
55, 70, 11
29, 70, 12
56, 70, 12
29, 70, 13
56, 70, 13
29, 70, 14
56, 70, 14
29, 70, 15
56, 70, 15
29, 70, 16
56, 70, 16
29, 70, 17
56, 70, 17
30, 70, 18
55, 70, 18
30, 70, 19
55, 70, 19
30, 70, 20
55, 70, 20
31, 70, 21
54, 70, 21
31, 70, 22
54, 70, 22
32, 70, 23
53, 70, 23
33, 70, 24
34, 70, 24
51, 70, 24
52, 70, 24
35, 70, 25
50, 70, 25
36, 70, 26
49, 70, 26
36, 70, 27
37, 70, 27
48, 70, 27
49, 70, 27
37, 70, 28
38, 70, 28
47, 70, 28
48, 70, 28
37, 70, 29
38, 70, 29
39, 70, 29
40, 70, 29
45, 70, 29
46, 70, 29
47, 70, 29
48, 70, 29
38, 70, 30
39, 70, 30
40, 70, 30
41, 70, 30
42, 70, 30
43, 70, 30
44, 70, 30
45, 70, 30
46, 70, 30
47, 70, 30
40, 70, 31
41, 70, 31
42, 70, 31
43, 70, 31
44, 70, 31
45, 70, 31
42, 70, 32
43, 70, 32
41, 71, 4
42, 71, 4
43, 71, 4
44, 71, 4
37, 71, 5
38, 71, 5
39, 71, 5
40, 71, 5
41, 71, 5
42, 71, 5
43, 71, 5
44, 71, 5
45, 71, 5
46, 71, 5
47, 71, 5
48, 71, 5
35, 71, 6
36, 71, 6
49, 71, 6
50, 71, 6
33, 71, 7
34, 71, 7
51, 71, 7
52, 71, 7
32, 71, 8
53, 71, 8
31, 71, 9
54, 71, 9
31, 71, 10
54, 71, 10
30, 71, 11
55, 71, 11
30, 71, 12
55, 71, 12
29, 71, 13
56, 71, 13
29, 71, 14
56, 71, 14
30, 71, 15
55, 71, 15
30, 71, 16
55, 71, 16
30, 71, 17
55, 71, 17
30, 71, 18
55, 71, 18
30, 71, 19
55, 71, 19
30, 71, 20
55, 71, 20
31, 71, 21
54, 71, 21
31, 71, 22
54, 71, 22
32, 71, 23
53, 71, 23
33, 71, 24
52, 71, 24
34, 71, 25
35, 71, 25
50, 71, 25
51, 71, 25
36, 71, 26
37, 71, 26
48, 71, 26
49, 71, 26
38, 71, 27
47, 71, 27
39, 71, 28
40, 71, 28
41, 71, 28
42, 71, 28
43, 71, 28
44, 71, 28
45, 71, 28
46, 71, 28
41, 71, 29
42, 71, 29
43, 71, 29
44, 71, 29
37, 72, 6
38, 72, 6
39, 72, 6
40, 72, 6
41, 72, 6
42, 72, 6
43, 72, 6
44, 72, 6
45, 72, 6
46, 72, 6
47, 72, 6
48, 72, 6
35, 72, 7
36, 72, 7
49, 72, 7
50, 72, 7
33, 72, 8
34, 72, 8
51, 72, 8
52, 72, 8
32, 72, 9
53, 72, 9
31, 72, 10
54, 72, 10
31, 72, 11
54, 72, 11
30, 72, 12
55, 72, 12
30, 72, 13
55, 72, 13
30, 72, 14
55, 72, 14
30, 72, 15
55, 72, 15
30, 72, 16
55, 72, 16
30, 72, 17
55, 72, 17
30, 72, 18
55, 72, 18
30, 72, 19
55, 72, 19
31, 72, 20
54, 72, 20
31, 72, 21
54, 72, 21
32, 72, 22
53, 72, 22
32, 72, 23
53, 72, 23
33, 72, 24
52, 72, 24
34, 72, 25
35, 72, 25
50, 72, 25
51, 72, 25
36, 72, 26
37, 72, 26
48, 72, 26
49, 72, 26
38, 72, 27
39, 72, 27
40, 72, 27
41, 72, 27
42, 72, 27
43, 72, 27
44, 72, 27
45, 72, 27
46, 72, 27
47, 72, 27
37, 73, 7
38, 73, 7
39, 73, 7
40, 73, 7
41, 73, 7
42, 73, 7
43, 73, 7
44, 73, 7
45, 73, 7
46, 73, 7
47, 73, 7
48, 73, 7
35, 73, 8
36, 73, 8
37, 73, 8
48, 73, 8
49, 73, 8
50, 73, 8
33, 73, 9
34, 73, 9
35, 73, 9
50, 73, 9
51, 73, 9
52, 73, 9
32, 73, 10
33, 73, 10
52, 73, 10
53, 73, 10
32, 73, 11
53, 73, 11
31, 73, 12
54, 73, 12
31, 73, 13
54, 73, 13
31, 73, 14
54, 73, 14
30, 73, 15
55, 73, 15
30, 73, 16
55, 73, 16
30, 73, 17
55, 73, 17
30, 73, 18
55, 73, 18
31, 73, 19
54, 73, 19
31, 73, 20
54, 73, 20
31, 73, 21
54, 73, 21
32, 73, 22
53, 73, 22
33, 73, 23
52, 73, 23
33, 73, 24
52, 73, 24
34, 73, 25
35, 73, 25
50, 73, 25
51, 73, 25
36, 73, 26
37, 73, 26
48, 73, 26
49, 73, 26
38, 73, 27
39, 73, 27
40, 73, 27
41, 73, 27
42, 73, 27
43, 73, 27
44, 73, 27
45, 73, 27
46, 73, 27
47, 73, 27
38, 74, 8
39, 74, 8
40, 74, 8
41, 74, 8
42, 74, 8
43, 74, 8
44, 74, 8
45, 74, 8
46, 74, 8
47, 74, 8
36, 74, 9
37, 74, 9
38, 74, 9
47, 74, 9
48, 74, 9
49, 74, 9
34, 74, 10
35, 74, 10
50, 74, 10
51, 74, 10
33, 74, 11
52, 74, 11
32, 74, 12
53, 74, 12
32, 74, 13
53, 74, 13
31, 74, 14
54, 74, 14
31, 74, 15
54, 74, 15
31, 74, 16
54, 74, 16
31, 74, 17
54, 74, 17
31, 74, 18
54, 74, 18
31, 74, 19
54, 74, 19
32, 74, 20
53, 74, 20
32, 74, 21
53, 74, 21
32, 74, 22
53, 74, 22
33, 74, 23
52, 74, 23
34, 74, 24
51, 74, 24
35, 74, 25
50, 74, 25
36, 74, 26
37, 74, 26
48, 74, 26
49, 74, 26
38, 74, 27
39, 74, 27
40, 74, 27
41, 74, 27
42, 74, 27
43, 74, 27
44, 74, 27
45, 74, 27
46, 74, 27
47, 74, 27
39, 75, 9
40, 75, 9
41, 75, 9
42, 75, 9
43, 75, 9
44, 75, 9
45, 75, 9
46, 75, 9
36, 75, 10
37, 75, 10
38, 75, 10
39, 75, 10
40, 75, 10
45, 75, 10
46, 75, 10
47, 75, 10
48, 75, 10
49, 75, 10
34, 75, 11
35, 75, 11
36, 75, 11
49, 75, 11
50, 75, 11
51, 75, 11
33, 75, 12
34, 75, 12
51, 75, 12
52, 75, 12
33, 75, 13
52, 75, 13
32, 75, 14
53, 75, 14
32, 75, 15
53, 75, 15
32, 75, 16
53, 75, 16
32, 75, 17
53, 75, 17
32, 75, 18
53, 75, 18
32, 75, 19
53, 75, 19
32, 75, 20
53, 75, 20
32, 75, 21
53, 75, 21
33, 75, 22
52, 75, 22
33, 75, 23
52, 75, 23
34, 75, 24
51, 75, 24
35, 75, 25
50, 75, 25
36, 75, 26
37, 75, 26
48, 75, 26
49, 75, 26
38, 75, 27
39, 75, 27
40, 75, 27
41, 75, 27
42, 75, 27
43, 75, 27
44, 75, 27
45, 75, 27
46, 75, 27
47, 75, 27
41, 76, 10
42, 76, 10
43, 76, 10
44, 76, 10
37, 76, 11
38, 76, 11
39, 76, 11
40, 76, 11
41, 76, 11
42, 76, 11
43, 76, 11
44, 76, 11
45, 76, 11
46, 76, 11
47, 76, 11
48, 76, 11
35, 76, 12
36, 76, 12
37, 76, 12
38, 76, 12
47, 76, 12
48, 76, 12
49, 76, 12
50, 76, 12
34, 76, 13
35, 76, 13
50, 76, 13
51, 76, 13
33, 76, 14
34, 76, 14
51, 76, 14
52, 76, 14
33, 76, 15
52, 76, 15
33, 76, 16
52, 76, 16
32, 76, 17
33, 76, 17
52, 76, 17
53, 76, 17
33, 76, 18
52, 76, 18
33, 76, 19
52, 76, 19
33, 76, 20
52, 76, 20
33, 76, 21
52, 76, 21
34, 76, 22
51, 76, 22
34, 76, 23
51, 76, 23
35, 76, 24
50, 76, 24
36, 76, 25
49, 76, 25
36, 76, 26
37, 76, 26
48, 76, 26
49, 76, 26
38, 76, 27
39, 76, 27
40, 76, 27
41, 76, 27
42, 76, 27
43, 76, 27
44, 76, 27
45, 76, 27
46, 76, 27
47, 76, 27
39, 77, 12
40, 77, 12
41, 77, 12
42, 77, 12
43, 77, 12
44, 77, 12
45, 77, 12
46, 77, 12
36, 77, 13
37, 77, 13
38, 77, 13
39, 77, 13
40, 77, 13
41, 77, 13
42, 77, 13
43, 77, 13
44, 77, 13
45, 77, 13
46, 77, 13
47, 77, 13
48, 77, 13
49, 77, 13
35, 77, 14
36, 77, 14
37, 77, 14
48, 77, 14
49, 77, 14
50, 77, 14
34, 77, 15
35, 77, 15
50, 77, 15
51, 77, 15
34, 77, 16
51, 77, 16
34, 77, 17
51, 77, 17
33, 77, 18
34, 77, 18
51, 77, 18
52, 77, 18
33, 77, 19
34, 77, 19
51, 77, 19
52, 77, 19
34, 77, 20
51, 77, 20
34, 77, 21
51, 77, 21
34, 77, 22
51, 77, 22
35, 77, 23
50, 77, 23
35, 77, 24
50, 77, 24
36, 77, 25
49, 77, 25
37, 77, 26
38, 77, 26
47, 77, 26
48, 77, 26
39, 77, 27
40, 77, 27
41, 77, 27
42, 77, 27
43, 77, 27
44, 77, 27
45, 77, 27
46, 77, 27
38, 78, 14
39, 78, 14
40, 78, 14
41, 78, 14
42, 78, 14
43, 78, 14
44, 78, 14
45, 78, 14
46, 78, 14
47, 78, 14
36, 78, 15
37, 78, 15
38, 78, 15
39, 78, 15
46, 78, 15
47, 78, 15
48, 78, 15
49, 78, 15
35, 78, 16
36, 78, 16
37, 78, 16
48, 78, 16
49, 78, 16
50, 78, 16
35, 78, 17
36, 78, 17
49, 78, 17
50, 78, 17
35, 78, 18
50, 78, 18
35, 78, 19
50, 78, 19
35, 78, 20
50, 78, 20
35, 78, 21
50, 78, 21
35, 78, 22
50, 78, 22
35, 78, 23
36, 78, 23
49, 78, 23
50, 78, 23
36, 78, 24
49, 78, 24
37, 78, 25
48, 78, 25
38, 78, 26
39, 78, 26
40, 78, 26
45, 78, 26
46, 78, 26
47, 78, 26
41, 78, 27
42, 78, 27
43, 78, 27
44, 78, 27
40, 79, 15
41, 79, 15
42, 79, 15
43, 79, 15
44, 79, 15
45, 79, 15
38, 79, 16
39, 79, 16
40, 79, 16
41, 79, 16
42, 79, 16
43, 79, 16
44, 79, 16
45, 79, 16
46, 79, 16
47, 79, 16
37, 79, 17
38, 79, 17
39, 79, 17
40, 79, 17
45, 79, 17
46, 79, 17
47, 79, 17
48, 79, 17
36, 79, 18
37, 79, 18
38, 79, 18
47, 79, 18
48, 79, 18
49, 79, 18
36, 79, 19
37, 79, 19
48, 79, 19
49, 79, 19
36, 79, 20
37, 79, 20
48, 79, 20
49, 79, 20
36, 79, 21
37, 79, 21
48, 79, 21
49, 79, 21
36, 79, 22
37, 79, 22
48, 79, 22
49, 79, 22
37, 79, 23
48, 79, 23
37, 79, 24
38, 79, 24
47, 79, 24
48, 79, 24
38, 79, 25
39, 79, 25
40, 79, 25
45, 79, 25
46, 79, 25
47, 79, 25
39, 79, 26
40, 79, 26
41, 79, 26
42, 79, 26
43, 79, 26
44, 79, 26
45, 79, 26
46, 79, 26
41, 80, 17
42, 80, 17
43, 80, 17
44, 80, 17
39, 80, 18
40, 80, 18
41, 80, 18
42, 80, 18
43, 80, 18
44, 80, 18
45, 80, 18
46, 80, 18
38, 80, 19
39, 80, 19
40, 80, 19
41, 80, 19
42, 80, 19
43, 80, 19
44, 80, 19
45, 80, 19
46, 80, 19
47, 80, 19
38, 80, 20
39, 80, 20
40, 80, 20
41, 80, 20
42, 80, 20
43, 80, 20
44, 80, 20
45, 80, 20
46, 80, 20
47, 80, 20
38, 80, 21
39, 80, 21
40, 80, 21
41, 80, 21
44, 80, 21
45, 80, 21
46, 80, 21
47, 80, 21
38, 80, 22
39, 80, 22
40, 80, 22
41, 80, 22
42, 80, 22
43, 80, 22
44, 80, 22
45, 80, 22
46, 80, 22
47, 80, 22
38, 80, 23
39, 80, 23
40, 80, 23
41, 80, 23
42, 80, 23
43, 80, 23
44, 80, 23
45, 80, 23
46, 80, 23
47, 80, 23
39, 80, 24
40, 80, 24
41, 80, 24
42, 80, 24
43, 80, 24
44, 80, 24
45, 80, 24
46, 80, 24
41, 80, 25
42, 80, 25
43, 80, 25
44, 80, 25
42, 81, 21
43, 81, 21